0 0.4955308890625 0.6868149484375 0.49042313281250005 0.7175146234375 0.49893608125 0.7342598828125 0.5227722984375001 0.7454234578125 0.5432035171875 0.7524006671875 0.565337040625 0.7565870343750001 0.580660375 0.7705414515625 0.613009540625 0.78449586875 0.6113071062500001 0.791473078125 0.5738499890625001 0.7984502859375 0.5670396703125 0.8124047031250001 0.570444796875 0.8291499609375 0.6061992203125001 0.837522590625 0.631738065625 0.8444997984375 0.6623847984375 0.847290746875 0.684254253125 0.8381012640625001 0.6828157578125 0.7175146234375 0.6453589015625 0.704955628125 0.6198200546875 0.6965829984374999 0.6113071062500001 0.6714650046874999 0.6113071062500001 0.6561151671875 0.5908758875 0.6477425375 0.5602294156250001 0.6421607500000001 0.532987875 0.65192890625 0.5040438375 0.6686741640625 0.4955308890625 0.6868149484375
0 0.603219253125 0.174338496875 0.5742753453125 0.1757340234375 0.569167459375 0.18829291406249998 0.5572494484375 0.1980611765625 0.51979233125 0.20085201718749998 0.49084829374999994 0.23573805937499998 0.49255092187500005 0.2720194171875 0.514684575 0.2929510421875 0.5504389328125 0.30411461875 0.5810856 0.30411461875 0.603219253125 0.2901602015625 0.603219253125 0.278996625 0.6219477140625 0.258065 0.655999509375 0.239924428125 0.7053746375000001 0.23294721875 0.6982978734375 0.123866046875 0.6815383546875 0.10875277812499999 0.645783996875 0.10177556875 0.61513739375 0.1101483046875 0.5895985484375 0.1171255140625 0.5708700234374999 0.1254980359375 0.5759777796875001 0.1464296625 0.5930036765625 0.149220715625 0.61513739375 0.1603840796875 0.603219253125 0.174338496875
2 0.6791489375 0.5565248046875 0.661107265625 0.555294234375 0.6406762406250001 0.5664577046875 0.6355684187499999 0.57762128125 0.62365034375 0.595761959375 0.618542521875 0.6125073234375 0.642378934375 0.6111119031250001 0.6577021375000001 0.595761959375 0.674728034375 0.5832030687499999 0.6791489375 0.5565248046875
2 0.672765959375 0.3558967515625 0.6389736125 0.3390006609375 0.61513739375 0.3306281390625 0.62365034375 0.34876881718749997 0.6406762406250001 0.37528223125000004 0.6577021375000001 0.39621385781249996 0.6781331625 0.40877285468749996 0.6815383546875 0.393422909375 0.6764307281249999 0.3794684921875 0.672765959375 0.3558967515625
3 0.618542521875 0.549712446875 0.7259574484375 0.5495464375 0.712185021875 0.5259898734374999 0.700266815625 0.5134309828125 0.7070772 0.505058246875 0.7070772 0.48412662187500005 0.6985642515625 0.47714941250000004 0.6781331625 0.4757539921875 0.6525943171875 0.47714941250000004 0.642378934375 0.514826403125 0.618542521875 0.549712446875
3 0.6542969453125 0.4701722046875 0.695159125 0.4645905234375 0.7036720734374999 0.4450543171875 0.7036720734374999 0.428308953125 0.70255319375 0.409979096875 0.6270554703125 0.41435453593749993 0.645783996875 0.4422633703125 0.6542969453125 0.4701722046875
4 0.48403797343750005 0.6878611984375 0.48744316562499995 0.6711158328125 0.5025531937500001 0.64898816875 0.4857405375 0.6557659953125 0.4772275890625 0.6683249921875001 0.47211983281250003 0.68925661875 0.4738223953125 0.707397296875 0.47552502499999993 0.7213517140625 0.48403797343750005 0.7367016578125 0.49425348593749996 0.732515290625 0.48403797343750005 0.7087928234375 0.48403797343750005 0.6878611984375
4 0.4855319171875 0.21981859531249998 0.4687146390625 0.23573805937499998 0.465309446875 0.26085605312500004 0.465309446875 0.27062410312499996 0.47041726875 0.285973834375 0.48063278125000003 0.2929510421875 0.48744316562499995 0.28318299375 0.48063278125000003 0.2748104703125 0.47552502499999993 0.24829695 0.4855319171875 0.21981859531249998
5 0.5657623968750001 0.6125073234375 0.53852085625 0.6222753734375 0.5436286124999999 0.626461740625 0.569167459375 0.6306480015625 0.58619335625 0.6306480015625 0.6117322015625 0.6306480015625 0.604680853125 0.6123517421875 0.58619335625 0.6055301156249999 0.5657623968750001 0.6125073234375
5 0.5776804078125 0.3180690359375 0.5487365 0.3194645625 0.521494959375 0.32085987656250003 0.5453311765625 0.3362098203125 0.562357075 0.3362098203125 0.579382971875 0.337605346875 0.608936171875 0.327983284375 0.599814190625 0.3152781953125 0.5776804078125 0.3180690359375
1 0.12138640781250001 0.645997946875 0.112873459375 0.7018156156249999 0.1162785875 0.753446915625 0.1435200296875 0.7967055875 0.16395111874999999 0.828800790625 0.208218425 0.8329870515625 0.24723404375000002 0.8339148953125 0.148627784375 0.6152981640624999 0.12138640781250001 0.645997946875
1 0.2302127671875 0.123866046875 0.21332618124999997 0.11991635468749999 0.19970547656249998 0.1227071953125 0.158843296875 0.13387077187500002 0.1247915359375 0.1659659734375 0.1077656390625 0.20364285781250002 0.1077656390625 0.276205784375 0.1247915359375 0.3278370859375 0.1792743875 0.362723234375 0.2302127671875 0.123866046875