0 0.32853499531249997 0.6113071062500001 0.34388483281250004 0.6113071062500001 0.3522574625 0.5908758875 0.35783925 0.5602294156250001 0.34807109375 0.532987875 0.3313258359375 0.5040438375 0.3131850515625 0.4955308890625 0.2824853765625 0.49042313281250005 0.2657401171875 0.49893608125 0.25457654218750003 0.5227722984375001 0.2475993328125 0.5432035171875 0.243412965625 0.565337040625 0.22945854843750002 0.580660375 0.21550413124999998 0.613009540625 0.20852692187500002 0.6113071062500001 0.2015497140625 0.5738499890625001 0.187595296875 0.5670396703125 0.17085003906250001 0.570444796875 0.162477409375 0.6061992203125001 0.1555002015625 0.631738065625 0.152709253125 0.6623847984375 0.16189873593749998 0.684254253125 0.2824853765625 0.6828157578125 0.295044371875 0.6453589015625 0.3034170015625 0.6198200546875 0.32853499531249997 0.6113071062500001
0 0.8898516953125 0.61513739375 0.8828744859375 0.5895985484375 0.8745019640624999 0.5708700234374999 0.8535703375000001 0.5759777796875001 0.850779284375 0.5930036765625 0.8396159203125 0.61513739375 0.825661503125 0.603219253125 0.8242659765625 0.5742753453125 0.8117070859375 0.569167459375 0.8019388234375 0.5572494484375 0.7991479828125 0.51979233125 0.764261940625 0.49084829374999994 0.7279805828125 0.49255092187500005 0.7070489578125 0.514684575 0.69588538125 0.5504389328125 0.69588538125 0.5810856 0.7098397984375 0.603219253125 0.721003375 0.603219253125 0.741935 0.6219477140625 0.7600755718750001 0.655999509375 0.76705278125 0.7053746375000001 0.876133953125 0.6982978734375 0.891247221875 0.6815383546875 0.8982244312500001 0.645783996875 0.8898516953125 0.61513739375
2 0.42237871875 0.6355684187499999 0.404238040625 0.62365034375 0.3874926765625 0.618542521875 0.38888809687500003 0.642378934375 0.404238040625 0.6577021375000001 0.41679693125000006 0.674728034375 0.44347519531249996 0.6791489375 0.444705765625 0.661107265625 0.4335422953125 0.6406762406250001 0.42237871875 0.6355684187499999
2 0.6512311828125 0.62365034375 0.62471776875 0.6406762406250001 0.6037861421875 0.6577021375000001 0.5912271453125 0.6781331625 0.606577090625 0.6815383546875 0.6205315078125 0.6764307281249999 0.6441032484375 0.672765959375 0.6609993390625 0.6389736125 0.6693718609375 0.61513739375 0.6512311828125 0.62365034375
3 0.494941753125 0.7070772 0.515873378125 0.7070772 0.5228505875 0.6985642515625 0.5242460078125 0.6781331625 0.5228505875 0.6525943171875 0.485173596875 0.642378934375 0.450287553125 0.618542521875 0.4504535625 0.7259574484375 0.4740101265625 0.712185021875 0.4865690171875 0.700266815625 0.494941753125 0.7070772
3 0.5354094765624999 0.695159125 0.5549456828125 0.7036720734374999 0.571691046875 0.7036720734374999 0.590020903125 0.70255319375 0.5856454640625001 0.6270554703125 0.5577366296874999 0.645783996875 0.5298277953125 0.6542969453125 0.5354094765624999 0.695159125
4 0.31074338125 0.47211983281250003 0.292602703125 0.4738223953125 0.2786482859375 0.47552502499999993 0.26329834218750003 0.48403797343750005 0.267484709375 0.49425348593749996 0.2912071765625 0.48403797343750005 0.3121388015625 0.48403797343750005 0.3288841671875 0.48744316562499995 0.35101183125 0.5025531937500001 0.3442340046875 0.4857405375 0.33167500781250003 0.4772275890625 0.31074338125 0.47211983281250003
4 0.7293758968749999 0.465309446875 0.714026165625 0.47041726875 0.7070489578125 0.48063278125000003 0.71681700625 0.48744316562499995 0.7251895296875001 0.48063278125000003 0.7517030499999999 0.47552502499999993 0.7801814046875 0.4855319171875 0.764261940625 0.4687146390625 0.739143946875 0.465309446875 0.7293758968749999 0.465309446875
5 0.37353825937499996 0.5436286124999999 0.3693519984375 0.569167459375 0.3693519984375 0.58619335625 0.3693519984375 0.6117322015625 0.3876482578125 0.604680853125 0.39446988437499997 0.58619335625 0.3874926765625 0.5657623968750001 0.3777246265625 0.53852085625 0.37353825937499996 0.5436286124999999
5 0.6791401234375 0.521494959375 0.6637901796875 0.5453311765625 0.6637901796875 0.562357075 0.662394653125 0.579382971875 0.672016715625 0.608936171875 0.6847218046875 0.599814190625 0.6819309640625 0.5776804078125 0.6805354375 0.5487365 0.6791401234375 0.521494959375
1 0.24655308437499998 0.1162785875 0.20329441250000002 0.1435200296875 0.171199209375 0.16395111874999999 0.1670129484375 0.208218425 0.16608510468749998 0.24723404375000002 0.38470183593749996 0.148627784375 0.354002053125 0.12138640781250001 0.298184384375 0.112873459375 0.24655308437499998 0.1162785875
1 0.866129228125 0.158843296875 0.8340340265625 0.1247915359375 0.7963571421875 0.1077656390625 0.723794215625 0.1077656390625 0.6721629140625 0.1247915359375 0.637276765625 0.1792743875 0.876133953125 0.2302127671875 0.8800836453124999 0.21332618124999997 0.8772928046875 0.19970547656249998 0.866129228125 0.158843296875