0 0.5044691109375 0.3131850515625 0.5095768671875 0.2824853765625 0.50106391875 0.2657401171875 0.4772277015625 0.25457654218750003 0.45679648281249996 0.2475993328125 0.43466295937500005 0.243412965625 0.419339625 0.22945854843750002 0.386990459375 0.21550413124999998 0.38869289375 0.20852692187500002 0.42615001093749993 0.2015497140625 0.4329603296875 0.187595296875 0.42955520312499995 0.17085003906250001 0.3938007796875 0.162477409375 0.368261934375 0.1555002015625 0.33761520156249997 0.152709253125 0.315745746875 0.16189873593749998 0.3171842421875 0.2824853765625 0.3546410984375 0.295044371875 0.3801799453125 0.3034170015625 0.38869289375 0.32853499531249997 0.38869289375 0.34388483281250004 0.40912411249999997 0.3522574625 0.439770584375 0.35783925 0.467012125 0.34807109375 0.4959561625 0.3313258359375 0.5044691109375 0.3131850515625
0 0.396780746875 0.825661503125 0.4257246546875 0.8242659765625 0.430832540625 0.8117070859375 0.4427505515625 0.8019388234375 0.48020766875 0.7991479828125 0.5091517062500001 0.764261940625 0.507449078125 0.7279805828125 0.485315425 0.7070489578125 0.4495610671875 0.69588538125 0.41891439999999996 0.69588538125 0.396780746875 0.7098397984375 0.396780746875 0.721003375 0.3780522859375 0.741935 0.344000490625 0.7600755718750001 0.29462536250000004 0.76705278125 0.3017021265625 0.876133953125 0.3184616453125 0.891247221875 0.354216003125 0.8982244312500001 0.38486260625 0.8898516953125 0.41040145156249996 0.8828744859375 0.4291299765625 0.8745019640624999 0.4240222203125 0.8535703375000001 0.4069963234375 0.850779284375 0.38486260625 0.8396159203125 0.396780746875 0.825661503125
2 0.3208510625 0.44347519531249996 0.338892734375 0.444705765625 0.359323759375 0.4335422953125 0.36443158124999997 0.42237871875 0.37634965625 0.404238040625 0.381457478125 0.3874926765625 0.35762106562499996 0.38888809687500003 0.3422978625 0.404238040625 0.325271965625 0.41679693125000006 0.3208510625 0.44347519531249996
2 0.327234040625 0.6441032484375 0.3610263875 0.6609993390625 0.38486260625 0.6693718609375 0.37634965625 0.6512311828125 0.359323759375 0.62471776875 0.3422978625 0.6037861421875 0.3218668375 0.5912271453125 0.3184616453125 0.606577090625 0.323569271875 0.6205315078125 0.327234040625 0.6441032484375
3 0.381457478125 0.450287553125 0.2740425515625 0.4504535625 0.287814978125 0.4740101265625 0.299733184375 0.4865690171875 0.29292280000000004 0.494941753125 0.29292280000000004 0.515873378125 0.3014357484375 0.5228505875 0.3218668375 0.5242460078125 0.3474056828125 0.5228505875 0.35762106562499996 0.485173596875 0.381457478125 0.450287553125
3 0.3457030546875 0.5298277953125 0.304840875 0.5354094765624999 0.2963279265625 0.5549456828125 0.2963279265625 0.571691046875 0.29744680625000003 0.590020903125 0.37294452968749997 0.5856454640625001 0.354216003125 0.5577366296874999 0.3457030546875 0.5298277953125
4 0.5159620265625 0.3121388015625 0.512556834375 0.3288841671875 0.49744680625 0.35101183125 0.5142594625 0.3442340046875 0.5227724109375 0.33167500781250003 0.5278801671875 0.31074338125 0.5261776046875 0.292602703125 0.5244749750000001 0.2786482859375 0.5159620265625 0.26329834218750003 0.5057465140625 0.267484709375 0.5159620265625 0.2912071765625 0.5159620265625 0.3121388015625
4 0.5144680828125 0.7801814046875 0.5312853609375 0.764261940625 0.534690553125 0.739143946875 0.534690553125 0.7293758968749999 0.52958273125 0.714026165625 0.51936721875 0.7070489578125 0.512556834375 0.71681700625 0.51936721875 0.7251895296875001 0.5244749750000001 0.7517030499999999 0.5144680828125 0.7801814046875
5 0.434237603125 0.3874926765625 0.46147914375 0.3777246265625 0.45637138750000006 0.37353825937499996 0.430832540625 0.3693519984375 0.41380664375 0.3693519984375 0.3882677984375 0.3693519984375 0.395319146875 0.3876482578125 0.41380664375 0.39446988437499997 0.434237603125 0.3874926765625
5 0.4223195921875 0.6819309640625 0.45126350000000004 0.6805354375 0.478505040625 0.6791401234375 0.4546688234375 0.6637901796875 0.437642925 0.6637901796875 0.420617028125 0.662394653125 0.39106382812499996 0.672016715625 0.40018580937500003 0.6847218046875 0.4223195921875 0.6819309640625
1 0.8786135921874999 0.354002053125 0.887126540625 0.298184384375 0.8837214124999999 0.24655308437499998 0.8564799703125001 0.20329441250000002 0.83604888125 0.171199209375 0.791781575 0.1670129484375 0.75276595625 0.16608510468749998 0.8513722156249999 0.38470183593749996 0.8786135921874999 0.354002053125
1 0.7697872328125 0.876133953125 0.78667381875 0.8800836453124999 0.8002945234375 0.8772928046875 0.841156703125 0.866129228125 0.8752084640625 0.8340340265625 0.8922343609375 0.7963571421875 0.8922343609375 0.723794215625 0.8752084640625 0.6721629140625 0.8207256125000001 0.637276765625 0.7697872328125 0.876133953125