0 0.27690369375 0.74410915625 0.27550816718750004 0.7185703109375 0.2908581109375 0.67770813125 0.32295320781250003 0.67430306875 0.3424894125 0.65897960625 0.3564438296875 0.6283330031250001 0.3494666203125 0.5925786453125 0.3383030453125 0.5653371703125 0.304812528125 0.546608840625 0.27690369375 0.539798325 0.23922670468749999 0.5551217890625 0.2252722875 0.5891735828125 0.1764318265625 0.5755527484375 0.14433673125 0.6044967859375 0.12340510468749999 0.6436563375000001 0.1303823140625 0.7015444140625 0.15131393906249999 0.737298771875 0.1638728296875 0.7917815906250001 0.1666637765625 0.84115671875 0.2515701 0.840851065625 0.2824853765625 0.8173204359374999 0.29225353125 0.7781609515625 0.27690369375 0.74410915625
0 0.9090387296875001 0.5619320437499999 0.8769435265625001 0.5210698640625 0.847639378125 0.5108543515624999 0.8057761265625001 0.517664671875 0.776471765625 0.49723358281249996 0.7513537718750001 0.48531550625 0.7136768890625 0.507449159375 0.6885588953124999 0.5312853765625001 0.684372740625 0.5772553125 0.6927452625 0.621522684375 0.7164677296875 0.6368459515625 0.7457720906249999 0.640251275 0.7667037156250001 0.6674925546875 0.763912875 0.704949540625 0.755540140625 0.7390013359375 0.799371915625 0.7791489375 0.8839207359374999 0.77475569375 0.8811298953125 0.6896262078125 0.9020615203125001 0.626630440625 0.9090387296875001 0.5619320437499999
2 0.43458854531249996 0.67770813125 0.41086607812500003 0.6606822343750001 0.38853903125 0.657277171875 0.3899344515625 0.6674925546875 0.40249344843749996 0.7100573625 0.43319312343750005 0.7424065921875 0.457431928125 0.736595746875 0.4652883265625 0.716867746875 0.45412474999999997 0.6930314656250001 0.43458854531249996 0.67770813125
2 0.643904803125 0.6283330031250001 0.639718540625 0.6283330031250001 0.618786915625 0.6419537078124999 0.5866917125 0.6674925546875 0.5825053453125 0.715165053125 0.617934371875 0.7259574484375 0.6355321734375 0.704949540625 0.643904803125 0.6623847984375 0.643904803125 0.6283330031250001
3 0.5778087609375 0.7514893640625 0.572737296875 0.6198200546875 0.5225014156250001 0.633440759375 0.5294786234375 0.7287858234375 0.5778087609375 0.7514893640625
3 0.4652883265625 0.6368459515625 0.4713886625 0.78340425625 0.5155242062500001 0.7287858234375 0.5113378390625 0.6368459515625 0.4652883265625 0.6368459515625
4 0.3159761046875 0.53469056875 0.324348734375 0.5312853765625001 0.304812528125 0.517664671875 0.2755082734375 0.5142594796875 0.24759943906249998 0.5159621078125001 0.23900889374999998 0.5302127671875 0.2643448046875 0.5312853765625001 0.2796946421875 0.5312853765625001 0.3159761046875 0.53469056875
4 0.689954421875 0.49212582656250003 0.71786325625 0.48531550625 0.7234449374999999 0.47850512187499994 0.7387948828125 0.47509992968750003 0.7667037156250001 0.47509992968750003 0.7766922218750001 0.46127522499999996 0.7443765640625 0.4563714671875 0.71786325625 0.4563714671875 0.6941407890625 0.47850512187499994 0.689954421875 0.49212582656250003
5 0.3592346703125 0.5636347374999999 0.3662118796875 0.584065696875 0.3690028265625 0.6079019140625 0.36760740625 0.6317383265625 0.36760740625 0.65387185 0.38939285 0.645106384375 0.3843526640625 0.599388965625 0.375980034375 0.5670398 0.3592346703125 0.5483112734375 0.3592346703125 0.5636347374999999
5 0.6704183234375 0.5653371703125 0.6704183234375 0.550013903125 0.6718136375 0.5261776203124999 0.66762726875 0.507449159375 0.6592547468750001 0.5142594796875 0.6508820109375 0.556824221875 0.649486590625 0.6164148625 0.6650383484375 0.6280851078125 0.6620455875 0.599388965625 0.6620455875 0.578957940625 0.6704183234375 0.5653371703125
1 0.218295078125 0.129474228125 0.1555002015625 0.16012083125 0.1206141578125 0.19928038125 0.1094506875 0.23503480468750002 0.1050243921875 0.277021278125 0.35504840937500004 0.1839571125 0.308998790625 0.14139236875 0.2699264859375 0.11925874843749999 0.218295078125 0.129474228125
1 0.7708900843750001 0.0749913453125 0.6941407890625 0.0698835890625 0.649486590625 0.10223285156249999 0.6132051281249999 0.16863377968749999 0.87787854375 0.1919148953125 0.8601982687499999 0.1482026890625 0.816939703125 0.11415092812500001 0.7708900843750001 0.0749913453125