0 0.2785330546875 0.5739589140625 0.271541209375 0.550291971875 0.28272820625 0.5252329890625 0.271541209375 0.5057426406250001 0.25755751718750003 0.4778993140625 0.22259828593750003 0.46536985 0.184842359375 0.4695463375 0.1582733234375 0.49042883281250005 0.1470863265625 0.5168800124999999 0.12890759062499998 0.51409566875 0.1149239 0.49878180937499994 0.077167865625 0.5071348375 0.067379325 0.5182721578125 0.0450054375 0.5600372515625 0.039411940625 0.5976256453125 0.05479397968750001 0.617115940625 0.0617858265625 0.6769790796875 0.05479397968750001 0.7354501265625 0.1402097578125 0.7345163546875 0.16107001875 0.722920609375 0.18763905625 0.7117832359375 0.1792488625 0.6769790796875 0.1666635171875 0.6491358078125 0.184842359375 0.619900284375 0.1974275984375 0.586488325 0.2309884796875 0.586488325 0.25615916875 0.5837039828125 0.2785330546875 0.5739589140625
0 0.779149171875 0.5349781625000001 0.7665639343749999 0.5113113265625 0.753978696875 0.475115025 0.7176210109375 0.46536985 0.675669934375 0.46536985 0.6421090515625 0.493213175 0.6323205093750001 0.5252329890625 0.63511720625 0.55168416875 0.6463042031249999 0.5767431515625 0.6644829375 0.596233446875 0.68266178125 0.592056959375 0.7064340140625001 0.5934491562499999 0.7246128578125 0.6282533140625 0.735799853125 0.654704440625 0.7399950046875 0.675586934375 0.7246128578125 0.6936851390625 0.7344014 0.7243127546875 0.7643356328124999 0.746694503125 0.8504660875000001 0.7438031031250001 0.8546612375 0.6714105 0.8700431703125 0.6282533140625 0.895213859375 0.6031942781249999 0.8896204671874999 0.5725666625 0.865848234375 0.53776250625 0.8546612375 0.51409566875 0.8155068562500001 0.5113113265625 0.7959297734375 0.5224486453125 0.779149171875 0.5349781625000001
2 0.3134922859375 0.589272615625 0.32048413125 0.612939453125 0.341258709375 0.6423103703125 0.375020553125 0.6254689703125 0.3904025921875 0.612939453125 0.37222374999999996 0.5878805765624999 0.375020553125 0.5628214890625001 0.3582400578125 0.540546796875 0.335866171875 0.530801675 0.32048413125 0.5321939265625 0.3134922859375 0.547507628125 0.31628898125 0.5669980828125001 0.3134922859375 0.589272615625
2 0.5316378625 0.5934491562499999 0.5372313609375 0.6185081390625 0.5526134 0.6296455640625 0.5685314359375 0.645789840625 0.5819791328125 0.6324298015625 0.59176778125 0.6087630703125 0.598759628125 0.589272615625 0.602954671875 0.5725666625 0.59176778125 0.5391547578125 0.56659709375 0.533585965625 0.551215053125 0.5419389953125 0.5358330125 0.5697823203125 0.5316378625 0.5934491562499999
3 0.3931992890625 0.5071348375 0.3954545140625 0.6736256109375 0.404386284375 0.6560965859375 0.43654882031250003 0.6352141453125 0.447735709375 0.6157239015625 0.447735709375 0.578135296875 0.44354066562499994 0.5530764203125 0.447735709375 0.5224486453125 0.4337520171875 0.5238408437500001 0.41277647812499996 0.5224486453125 0.3931992890625 0.5071348375
3 0.52657339375 0.6858037593749999 0.5218493203125 0.50017400625 0.4840932875 0.50991918125 0.45472755468750004 0.5182721578125 0.46032105312500005 0.554468459375 0.4575243578125 0.57952749375 0.46311775 0.6059786218750001 0.46451620312499997 0.6324298015625 0.4812965921875 0.643567228125 0.49807697968750003 0.661665271875 0.52657339375 0.6858037593749999
4 0.21001294218750002 0.4389186703125 0.189037403125 0.437526525 0.17517479375 0.45093945937499996 0.1904357515625 0.455624675 0.211411290625 0.455624675 0.22259828593750003 0.455624675 0.23518363125000002 0.4570168203125 0.247768975 0.4639776515625 0.2603542125 0.4639776515625 0.2505656703125 0.44866384375 0.2309884796875 0.44031086875 0.21001294218750002 0.4389186703125
4 0.7346153531249999 0.4457202515625 0.71622255625 0.44031086875 0.6896536265625001 0.4417030125 0.6728732390625 0.44727170000000005 0.65189759375 0.4570168203125 0.64770255 0.4695463375 0.6686780890625 0.46815419374999995 0.6854584765625 0.46258550625000006 0.7008406234375 0.45840901875 0.719019465625 0.4570168203125 0.7346153531249999 0.4457202515625
5 0.6157342328125 0.5501043859375 0.6211335140625 0.5280173312499999 0.6295237078125 0.50295835 0.6323205093750001 0.48207585625 0.6253286640625 0.4778993140625 0.61833681875 0.48764448906249996 0.611344971875 0.5015661515625001 0.6085481703125 0.5113113265625 0.6085481703125 0.5266251343749999 0.602954671875 0.5391547578125 0.6157342328125 0.5501043859375
5 0.30370374375 0.4765071703125 0.292516746875 0.4598011640625 0.284126553125 0.4611933625 0.28972005156249997 0.484860146875 0.2911184 0.50991918125 0.292516746875 0.5252329890625 0.309790178125 0.5274878234375 0.310695590625 0.49878180937499994 0.30370374375 0.4765071703125
1 0.8447552125 0.24043145625 0.8504660875000001 0.210603434375 0.839279090625 0.1911130859375 0.7959297734375 0.1771914234375 0.7623687828125 0.1771914234375 0.7176210109375 0.1827601359375 0.6742714796875 0.1966817984375 0.6225318609375 0.2050347484375 0.5931661296875 0.2328780734375 0.8447552125 0.24043145625
1 0.32747597812499996 0.22034855625 0.28272820625 0.2022504046875 0.23518363125000002 0.1911130859375 0.17785051406250002 0.1799757390625 0.1358994375 0.1730149078125 0.099541753125 0.1827601359375 0.0827613640625 0.1952895734375 0.0659809765625 0.21338772499999997 0.0772726953125 0.23173277812499998 0.32747597812499996 0.22034855625