0 0.44274719687499997 0.32048413125 0.46641403437499995 0.3302726734375 0.494257359375 0.3372645203125 0.5165319984375001 0.3330694765625 0.53463015 0.3218824796875 0.5485518125 0.310695590625 0.5582969875 0.2939150953125 0.5582969875 0.2687445140625 0.54576746875 0.243573825 0.524884975 0.2309884796875 0.5012181906250001 0.21420809218749998 0.4984338484375 0.20022440000000002 0.5053946796875 0.1820455578125 0.5095711671875 0.1750537109375 0.51374765625 0.16386682187499998 0.5040024812499999 0.14009448124999999 0.487296528125 0.1275091359375 0.4636296921875 0.1135254453125 0.4274333375 0.1149239 0.4190802546875 0.12331409374999999 0.4023743546875 0.1358994375 0.3703544359375 0.1456879796875 0.3258052109375 0.14428963125 0.32289491875 0.2241258421875 0.3341581859375 0.2463705203125 0.34947194062500003 0.2603542125 0.3703544359375 0.2589558640625 0.3912369296875 0.247768975 0.4121194234375 0.2533623671875 0.4302176796875 0.263151015625 0.43996274843750005 0.2911184 0.4302176796875 0.30929713593749997 0.44274719687499997 0.32048413125
0 0.5040024812499999 0.8001247093750001 0.5109633125 0.7917346234375 0.5388066375 0.7847427765625 0.5569048421875 0.7637672375 0.5610813296875 0.7330031578125 0.55133615625 0.69105208125 0.5332380046874999 0.6770683890625 0.5193163421875 0.67007654375 0.4984338484375 0.65609274375 0.47059052343749996 0.65189759375 0.44831583124999996 0.6616862421875 0.435786365625 0.6812633265625 0.4371785109375 0.710629165625 0.438570709375 0.7330031578125 0.4190802546875 0.7567753921875 0.40098220937500006 0.7623687828125 0.3912369296875 0.749783546875 0.368962396875 0.73859655 0.3411190171875 0.7623687828125 0.3298538609375 0.77657339375 0.331373896875 0.8574579328124999 0.3647858546875 0.8560594781249999 0.40515859218749994 0.8742383203124999 0.43439416875000003 0.8924171640624999 0.47059052343749996 0.8896204671874999 0.5040024812499999 0.8728400796875 0.5095711671875 0.8546612375 0.5109633125 0.8350839406249999 0.506786825 0.81970200625 0.5040024812499999 0.8001247093750001
2 0.389844890625 0.38061405000000004 0.3773152671875 0.38760589687499997 0.3959638125 0.4216782890625 0.42047250625 0.439345515625 0.43996274843750005 0.4463373609375 0.46084524218749995 0.4267601703125 0.4789435 0.4099797828125 0.4817278421875 0.3890042453125 0.46641403437499995 0.375020553125 0.441355 0.3694270546875 0.41351167499999997 0.3736222046875 0.389844890625 0.38061405000000004
2 0.42464904687500005 0.56659709375 0.4023743546875 0.5833775875 0.3837856625 0.6157342328125 0.40098220937500006 0.6267270125 0.4232568484375 0.6323205093750001 0.449708028125 0.63511720625 0.47337486562500003 0.6267270125 0.47615915624999994 0.6155400156249999 0.47337486562500003 0.598759628125 0.459453203125 0.5749872875 0.44553154062500006 0.5638003968749999 0.42464904687500005 0.56659709375
3 0.480335696875 0.4617194015625 0.5026103359375 0.447735709375 0.3629088359375 0.45139856875 0.39402137812500004 0.4771014421875 0.410727384375 0.491085134375 0.431609878125 0.49807697968750003 0.44413934218750006 0.49667863125 0.47198266875000006 0.499475434375 0.4984338484375 0.499475434375 0.4956495046875 0.4896867859375 0.4845121859375 0.47570309375 0.480335696875 0.4617194015625
3 0.3842760984375 0.534434665625 0.359429365625 0.559790178125 0.508179021875 0.56240205 0.5053946796875 0.54841835625 0.5040024812499999 0.5302395140625 0.5040024812499999 0.5190525187499999 0.4984338484375 0.514857475 0.4775513546875 0.5134591265624999 0.44413934218750006 0.512060671875 0.4190802546875 0.5092639765625 0.40098220937500006 0.5218493203125 0.3842760984375 0.534434665625
4 0.56943430625 0.300906940625 0.5708265046875 0.2785330546875 0.5666499640625 0.25615916875 0.56943430625 0.24497217187500003 0.5560194843749999 0.2398601078125 0.5569048421875 0.25615916875 0.562473475 0.267346059375 0.5652578187499999 0.271541209375 0.5652578187499999 0.284126553125 0.5638656734375 0.292516746875 0.5582969875 0.30929713593749997 0.5569048421875 0.31628898125 0.5610813296875 0.32048413125 0.56943430625 0.300906940625
4 0.5680421609375 0.7399950046875 0.5680421609375 0.74698685 0.5681976328125 0.760839128125 0.5736107953125 0.744189940625 0.5763951375 0.7302062484375 0.5708265046875 0.7078324703125001 0.562473475 0.6896536265625001 0.5541204984375 0.6896536265625001 0.5596891312500001 0.6966454734374999 0.5610813296875 0.7064340140625001 0.5652578187499999 0.719019465625 0.5652578187499999 0.727409553125 0.5680421609375 0.7399950046875
5 0.47059052343749996 0.3554433625 0.47077244062499995 0.3692307375 0.4956495046875 0.366630359375 0.5165319984375001 0.36802870625 0.5374144937499999 0.3596385125 0.5415909812499999 0.35264666718750004 0.5388066375 0.3456548203125 0.5262771734375 0.3512482125 0.5123555109375 0.3540450140625 0.49704165 0.3554433625 0.4845121859375 0.3540450140625 0.47059052343749996 0.3554433625
5 0.4817278421875 0.63511720625 0.47337486562500003 0.63511720625 0.465553234375 0.647202765625 0.480335696875 0.6449057484375 0.49286516249999995 0.6463042031249999 0.508179021875 0.650499246875 0.5221006859374999 0.654694396875 0.5332380046874999 0.654694396875 0.5388066375 0.6491008984375 0.5304536625 0.6421090515625 0.5026103359375 0.636515553125 0.4817278421875 0.63511720625
1 0.7874043125 0.860489478125 0.8074947421875001 0.8588563875 0.82141640625 0.8490676328125 0.8409067546875001 0.8155068562500001 0.8409067546875001 0.779149171875 0.8409067546875001 0.7455883953125 0.8395145828125001 0.6966454734374999 0.8283772375 0.667279634375 0.8102790328125 0.6295237078125 0.7874043125 0.860489478125
1 0.8200242609374999 0.328874325 0.8269850921874999 0.2855249015625 0.8283772375 0.2379803265625 0.8297694078125 0.19882605312499999 0.8186320890625 0.1820455578125 0.8116712578125 0.155476521875 0.7804453703124999 0.1437062609375 0.7977495953125 0.35264666718750004 0.8200242609374999 0.328874325