0 0.32048413125 0.557252803125 0.3302726734375 0.533585965625 0.3372645203125 0.5057426406250001 0.3330694765625 0.48346800156249997 0.3218824796875 0.46536985 0.310695590625 0.45144818750000004 0.2939150953125 0.4417030125 0.2687445140625 0.4417030125 0.243573825 0.45423253125 0.2309884796875 0.475115025 0.21420809218749998 0.49878180937499994 0.20022440000000002 0.5015661515625001 0.1820455578125 0.49460532031250004 0.1750537109375 0.49042883281250005 0.16386682187499998 0.48625234375000004 0.14009448124999999 0.49599751875000003 0.1275091359375 0.512703471875 0.1135254453125 0.5363703078125 0.1149239 0.5725666625 0.12331409374999999 0.5809197453125 0.1358994375 0.5976256453125 0.1456879796875 0.6296455640625 0.14428963125 0.6741947890625 0.2241258421875 0.67710508125 0.2463705203125 0.6658418140625 0.2603542125 0.650528059375 0.2589558640625 0.6296455640625 0.247768975 0.6087630703125 0.2533623671875 0.5878805765624999 0.263151015625 0.5697823203125 0.2911184 0.5600372515625 0.30929713593749997 0.5697823203125 0.32048413125 0.557252803125
0 0.8001247093750001 0.49599751875000003 0.7917346234375 0.48903668749999996 0.7847427765625 0.4611933625 0.7637672375 0.4430951578125 0.7330031578125 0.4389186703125 0.69105208125 0.44866384375 0.6770683890625 0.46676199531250007 0.67007654375 0.4806836578125 0.65609274375 0.5015661515625001 0.65189759375 0.5294094765625 0.6616862421875 0.55168416875 0.6812633265625 0.5642136343749999 0.710629165625 0.5628214890625001 0.7330031578125 0.561429290625 0.7567753921875 0.5809197453125 0.7623687828125 0.5990177906249999 0.749783546875 0.6087630703125 0.73859655 0.631037603125 0.7623687828125 0.6588809828125 0.77657339375 0.6701461390625 0.8574579328124999 0.668626103125 0.8560594781249999 0.6352141453125 0.8742383203124999 0.5948414078125001 0.8924171640624999 0.56560583125 0.8896204671874999 0.5294094765625 0.8728400796875 0.49599751875000003 0.8546612375 0.49042883281250005 0.8350839406249999 0.48903668749999996 0.81970200625 0.493213175 0.8001247093750001 0.49599751875000003
2 0.38061405000000004 0.6101551093750001 0.38760589687499997 0.6226847328125 0.4216782890625 0.6040361875 0.439345515625 0.57952749375 0.4463373609375 0.5600372515625 0.4267601703125 0.5391547578125 0.4099797828125 0.5210565 0.3890042453125 0.5182721578125 0.375020553125 0.533585965625 0.3694270546875 0.5586450000000001 0.3736222046875 0.586488325 0.38061405000000004 0.6101551093750001
2 0.56659709375 0.575350953125 0.5833775875 0.5976256453125 0.6157342328125 0.6162143375 0.6267270125 0.5990177906249999 0.6323205093750001 0.5767431515625 0.63511720625 0.550291971875 0.6267270125 0.5266251343749999 0.6155400156249999 0.5238408437500001 0.598759628125 0.5266251343749999 0.5749872875 0.540546796875 0.5638003968749999 0.554468459375 0.56659709375 0.575350953125
3 0.4617194015625 0.519664303125 0.447735709375 0.4973896640625 0.45139856875 0.6370911640625 0.4771014421875 0.6059786218750001 0.491085134375 0.589272615625 0.49807697968750003 0.568390121875 0.49667863125 0.5558606578124999 0.499475434375 0.5280173312499999 0.499475434375 0.5015661515625001 0.4896867859375 0.5043504953125 0.47570309375 0.5154878140625 0.4617194015625 0.519664303125
3 0.534434665625 0.6157239015625 0.559790178125 0.6405706343750001 0.56240205 0.491820978125 0.54841835625 0.49460532031250004 0.5302395140625 0.49599751875000003 0.5190525187499999 0.49599751875000003 0.514857475 0.5015661515625001 0.5134591265624999 0.5224486453125 0.512060671875 0.5558606578124999 0.5092639765625 0.5809197453125 0.5218493203125 0.5990177906249999 0.534434665625 0.6157239015625
4 0.300906940625 0.43056569375000003 0.2785330546875 0.42917349531250004 0.25615916875 0.4333500359375 0.24497217187500003 0.43056569375000003 0.2398601078125 0.443980515625 0.25615916875 0.4430951578125 0.267346059375 0.437526525 0.271541209375 0.43474218125 0.284126553125 0.43474218125 0.292516746875 0.4361343265625 0.30929713593749997 0.4417030125 0.31628898125 0.4430951578125 0.32048413125 0.4389186703125 0.300906940625 0.43056569375000003
4 0.7399950046875 0.43195783906249996 0.74698685 0.43195783906249996 0.760839128125 0.43180236718750004 0.744189940625 0.4263892046875 0.7302062484375 0.42360486249999996 0.7078324703125001 0.42917349531250004 0.6896536265625001 0.437526525 0.6896536265625001 0.4458795015625 0.6966454734374999 0.44031086875 0.7064340140625001 0.4389186703125 0.719019465625 0.43474218125 0.727409553125 0.43474218125 0.7399950046875 0.43195783906249996
5 0.3554433625 0.5294094765625 0.3692307375 0.529227559375 0.366630359375 0.5043504953125 0.36802870625 0.48346800156249997 0.3596385125 0.46258550625000006 0.35264666718750004 0.45840901875 0.3456548203125 0.4611933625 0.3512482125 0.47372282656250003 0.3540450140625 0.48764448906249996 0.3554433625 0.50295835 0.3540450140625 0.5154878140625 0.3554433625 0.5294094765625
5 0.63511720625 0.5182721578125 0.63511720625 0.5266251343749999 0.647202765625 0.534446765625 0.6449057484375 0.519664303125 0.6463042031249999 0.5071348375 0.650499246875 0.491820978125 0.654694396875 0.4778993140625 0.654694396875 0.46676199531250007 0.6491008984375 0.4611933625 0.6421090515625 0.4695463375 0.636515553125 0.4973896640625 0.63511720625 0.5182721578125
1 0.860489478125 0.2125956875 0.8588563875 0.1925052578125 0.8490676328125 0.17858359375 0.8155068562500001 0.1590932453125 0.779149171875 0.1590932453125 0.7455883953125 0.1590932453125 0.6966454734374999 0.1604854171875 0.667279634375 0.1716227625 0.6295237078125 0.1897209671875 0.860489478125 0.2125956875
1 0.328874325 0.1799757390625 0.2855249015625 0.1730149078125 0.2379803265625 0.1716227625 0.19882605312499999 0.1702305921875 0.1820455578125 0.1813679109375 0.155476521875 0.1883287421875 0.1437062609375 0.2195546296875 0.35264666718750004 0.2022504046875 0.328874325 0.1799757390625