0 0.7038932234375 0.35464903125 0.696388725 0.36364318125 0.687812259375 0.3700675328125 0.6781636640625 0.3726372828125 0.66851506875 0.382916234375 0.6610106499999999 0.39961943906249997 0.6588664734375 0.415037990625 0.6567223765625 0.44330514374999996 0.67173129375 0.47285715 0.6867401296875 0.49855455312499997 0.7156859156250001 0.5062637546875 0.73819925 0.5024091546875 0.7564243109375 0.48827560156249994 0.774649453125 0.4690025484375 0.7735774046875 0.4458748453125 0.7735774046875 0.4266017921875 0.780009775 0.4086136390625 0.7928745140625 0.41246814218749994 0.8068113828125 0.41375309062500004 0.822892346875 0.40989848906250004 0.8357570875 0.40732873906249994 0.850766003125 0.3906254359375 0.850766003125 0.367497684375 0.8604145984375 0.34950962812499997 0.8604145984375 0.323812225 0.856126325 0.29939967031250003 0.8400453609375 0.28269631875 0.82503644375 0.2454350625 0.816459978125 0.177337 0.723629565625 0.1775850984375 0.7038932234375 0.196610053125 0.696388725 0.21202845781250002 0.696388725 0.231301509375 0.7071093671875001 0.2505745625 0.7167579625 0.2749871171875 0.7199741890625 0.29554502031249996 0.7178300109375 0.3173878734375 0.7146138671875 0.34180032968749996 0.7038932234375 0.35464903125
0 0.14213150000000002 0.420177440625 0.14963591874999999 0.4690025484375 0.164644753125 0.49084530312499997 0.1946625875 0.5036940046875 0.2268245171875 0.4998394046875 0.24826580312500002 0.4857058515625 0.258986446875 0.4664327984375 0.26434676874999996 0.44073539375 0.2632748015625 0.416322840625 0.2600585765625 0.3880556859375 0.2471938375 0.3764918828125 0.22896861249999997 0.3726372828125 0.217176003125 0.35850368125 0.20859945624999998 0.3379457765625 0.2021670046875 0.29426017031249996 0.2064553609375 0.267277915625 0.21932010000000002 0.2428653625 0.2268245171875 0.228731809375 0.22789664687500003 0.21202845781250002 0.222536325 0.1940402546875 0.19555021875 0.171162490625 0.1035371203125 0.17091265 0.0981767984375 0.228731809375 0.0810238671875 0.264708115625 0.063870771875 0.27755681718749997 0.05958258125 0.3148180734375 0.06065454687500001 0.3533641796875 0.0810238671875 0.40090438749999996 0.11318579687500001 0.40732873906249994 0.12819463125 0.41246814218749994 0.14213150000000002 0.420177440625
2 0.6267045437500001 0.33923062812500004 0.61276775625 0.31995757343750003 0.5859661484375 0.3083937234375 0.54670958125 0.3044315984375 0.5420114453125 0.3186727234375 0.554876265625 0.330236575 0.5634527312500001 0.345654978125 0.58811024375 0.3533641796875 0.5988308875 0.35850368125 0.6149118515625001 0.36621293125 0.62992076875 0.3713523828125 0.6309928171875 0.3610733328125 0.6267045437500001 0.33923062812500004
2 0.373697296875 0.305824021875 0.35225601093750003 0.3083937234375 0.337247175 0.3096785734375 0.314837178125 0.32209376875 0.2997249234375 0.335375978125 0.29329247187499996 0.3520793296875 0.2943646015625 0.367497684375 0.31258966250000003 0.36364318125 0.33510307968749997 0.35464903125 0.35654436562499997 0.34180032968749996 0.368336975 0.3289516265625 0.3790577 0.316102925 0.373697296875 0.305824021875
3 0.48733618125 0.340515478125 0.506633371875 0.344370128125 0.5366511234375 0.36621293125 0.5386677640624999 0.2675016046875 0.5237863843749999 0.2749871171875 0.5152098374999999 0.28398116875 0.50448919375 0.28269631875 0.489480359375 0.27755681718749997 0.46911112031249996 0.2801266171875 0.46375079843749994 0.29554502031249996 0.46267874999999997 0.316102925 0.46160662031250005 0.3379457765625 0.48733618125 0.340515478125
3 0.3791717171875 0.2658959515625 0.3833459734375 0.36492803125 0.409075534375 0.34693982968750003 0.43587714218749996 0.345654978125 0.45839047656250004 0.343085278125 0.454102203125 0.322527275 0.454102203125 0.29297531875 0.44874188125 0.2801266171875 0.43694919062500004 0.2788417671875 0.4101475828125 0.2788417671875 0.3791717171875 0.2658959515625
4 0.168933109375 0.5011243046875 0.154000828125 0.5115606921875 0.1764375265625 0.5165427078125 0.2043112640625 0.5255368078125 0.23647319375000003 0.51525785625 0.253626125 0.5049789046875001 0.2514820296875 0.49855455312499997 0.238617290625 0.4998394046875 0.217176003125 0.51011835625 0.2043112640625 0.51011835625 0.17858162187499999 0.5088335046875 0.168933109375 0.5011243046875
4 0.7585684875 0.5216822078125001 0.772505275 0.51011835625 0.7617846328125 0.5024091546875 0.7477550171875 0.5067437359375 0.7253345109375 0.51011835625 0.7124696890625 0.51011835625 0.69210045 0.5062637546875 0.680307759375 0.5075486546875 0.6899563546875 0.51782760625 0.7071093671875001 0.51782760625 0.7264065578125 0.51782760625 0.73819925 0.5216822078125001 0.7585684875 0.5216822078125001
5 0.635281090625 0.3764918828125 0.624560446875 0.3803463859375 0.6190859375 0.383108540625 0.62992076875 0.3919103359375 0.6342090421875 0.40604379062499996 0.6331369125 0.4381655453125 0.6342090421875 0.4664327984375 0.6406414125000001 0.46000844687500003 0.646001734375 0.4510142484375 0.646001734375 0.42788669218750003 0.646001734375 0.415037990625 0.6427855078125 0.3880556859375 0.635281090625 0.3764918828125
5 0.2793557671875 0.422747190625 0.2750674125 0.43945049375 0.272923315625 0.45743859843749995 0.2804277328125 0.45743859843749995 0.28900428125 0.454868946875 0.292052028125 0.440912009375 0.2911483765625 0.420177440625 0.2911483765625 0.40475903750000003 0.2943646015625 0.3970497875 0.2965086984375 0.3906254359375 0.297580828125 0.382916234375 0.2954367328125 0.3764918828125 0.2900764109375 0.375206984375 0.2847160890625 0.385485984375 0.2814998640625 0.40732873906249994 0.2793557671875 0.422747190625
1 0.81109965625 0.89429456875 0.84969395625 0.873736640625 0.8636307421874999 0.8403300359375001 0.8764955640625001 0.8069234046875 0.8791047015625001 0.7764932546875001 0.6031191609375 0.8750215156250001 0.618128078125 0.9045735453124999 0.6363531390625 0.92513145 0.6502900078125 0.9341255500000001 0.673875390625 0.9328406765624999 0.69317258125 0.9238465984375 0.7231903328125 0.9199919734374999 0.7457036671874999 0.9148524968749999 0.7757215015625001 0.9161373734374999 0.81109965625 0.89429456875
1 0.18715817031249998 0.9174222484375001 0.22896861249999997 0.92513145 0.2568423515625 0.92513145 0.2793557671875 0.9366953015625 0.2900764109375 0.9315557999999999 0.31473375937500003 0.9045735453124999 0.3329589828125 0.872451765625 0.041415384374999996 0.7652536921875 0.043501615625000004 0.8069234046875 0.0488619375 0.8300510593749999 0.06065454687500001 0.8428997609375 0.07030322343749999 0.8660274140625001 0.0863841890625 0.8853004921875 0.11104153750000001 0.8981491953124999 0.1453477265625 0.907143271875 0.168933109375 0.9161373734374999 0.18715817031249998 0.9174222484375001