0 0.303611275 0.7686984906250001 0.2928906328125 0.7494254375 0.2832420375 0.7250128828125 0.2800258109375 0.7044549796874999 0.2821699890625 0.6826121265625 0.28538613281249997 0.6581996703125 0.2961067765625 0.6453509687500001 0.303611275 0.63635681875 0.312187740625 0.6299324671875 0.3218363359375 0.6273627171875 0.33148493125 0.617083765625 0.33898934999999997 0.6003805609375 0.3411335265625 0.584962009375 0.3432776234375 0.55669485625 0.32826870625 0.5271428499999999 0.3132598703125 0.501445446875 0.284314084375 0.4937362453125 0.26180075 0.49759084531250003 0.2435756890625 0.5117243984375001 0.22535054687499997 0.5309974515625 0.2264225953125 0.5541251546875 0.2264225953125 0.5733982078125 0.219990225 0.5913863609375001 0.20712548593750002 0.5875318578125001 0.1931886171875 0.586246909375 0.17710765312500001 0.5901015109375 0.1642429125 0.5926712609375 0.149233996875 0.6093745640625 0.149233996875 0.632502315625 0.13958540156250002 0.6504903718749999 0.13958540156250002 0.676187775 0.14387367499999998 0.7006003296875 0.15995463906250001 0.71730368125 0.17496355624999999 0.7545649375 0.18354002187500001 0.822663 0.27637043437500003 0.8224149015625001 0.2961067765625 0.8033899468750001 0.303611275 0.7879715421875 0.303611275 0.7686984906250001
0 0.936129228125 0.7224431828125 0.9404174187500001 0.6851819265625 0.9393454531250001 0.6466358203125 0.9189761328125 0.5990956125 0.886814203125 0.5926712609375 0.8718053687499999 0.5875318578125001 0.8578685 0.5798225593749999 0.8503640812500001 0.5309974515625 0.835355246875 0.509154696875 0.8053374124999999 0.49630599531249997 0.7731754828125 0.5001605953125 0.751734196875 0.5142941484375 0.741013553125 0.5335672015624999 0.7356532312499999 0.55926460625 0.7367251984375 0.583677159375 0.7399414234374999 0.6119443140625 0.7528061625 0.6235081171875 0.7710313875 0.6273627171875 0.782823996875 0.64149631875 0.79140054375 0.6620542234375 0.7978329953125 0.7057398296875 0.7935446390625 0.732722084375 0.7806799 0.7571346375 0.7731754828125 0.7712681906250001 0.772103353125 0.7879715421875 0.777463675 0.8059597453125 0.80444978125 0.828837509375 0.8964628796874999 0.82908735 0.9018232015625 0.7712681906250001 0.9189761328125 0.735291884375 0.936129228125 0.7224431828125
2 0.43654726874999994 0.654345021875 0.41188975625 0.6466358203125 0.4011691125 0.64149631875 0.3850881484375 0.63378706875 0.37007923125 0.6286476171875 0.3690071828125 0.6389266671875 0.37329545625 0.6607693718750001 0.38723224375 0.6800424265625 0.41403385156250005 0.6916062765625 0.45329041875 0.6955684015625 0.45798855468750005 0.6813272765625 0.44512373437499997 0.669763425 0.43654726874999994 0.654345021875
2 0.7056353984375 0.632502315625 0.6874103375 0.63635681875 0.6648969203124999 0.6453509687500001 0.643455634375 0.6581996703125 0.631663025 0.6710483734375 0.6209423000000001 0.683897075 0.626302703125 0.694175978125 0.6477439890625 0.6916062765625 0.662752825 0.6903214265625001 0.685162821875 0.6779062312499999 0.7002750765625 0.664624021875 0.706707528125 0.6479206703125 0.7056353984375 0.632502315625
3 0.49551080625 0.71730368125 0.510519640625 0.7224431828125 0.5308888796875 0.7198733828125 0.5362492015625 0.7044549796874999 0.53732125 0.683897075 0.5383933796875 0.6620542234375 0.51266381875 0.659484521875 0.493366628125 0.655629871875 0.46334887656249996 0.63378706875 0.4613322359375 0.7324983953124999 0.47621361562500003 0.7250128828125 0.48479016250000007 0.71601883125 0.49551080625 0.71730368125
3 0.5416095234375 0.656914721875 0.5458977968750001 0.677472725 0.5458977968750001 0.70702468125 0.5512581187500001 0.7198733828125 0.563050809375 0.7211582328125 0.5898524171874999 0.7211582328125 0.6208282828125 0.7341040484375 0.6166540265625 0.6350719687499999 0.590924465625 0.6530601703125 0.5641228578125 0.654345021875 0.5416095234375 0.656914721875
4 0.746373875 0.49502109531249994 0.7485179703125 0.501445446875 0.7613827093750001 0.5001605953125 0.782823996875 0.48988164375 0.7956887359375 0.48988164375 0.821418378125 0.4911664953125 0.8310668906249999 0.4988756953125 0.8459991718750001 0.4884393078125 0.8235624734375 0.4834572921875 0.7956887359375 0.47446319218750005 0.76352680625 0.48474214375 0.746373875 0.49502109531249994
4 0.30789955 0.4937362453125 0.319692240625 0.4924513453125 0.3100436453125 0.48217239375 0.2928906328125 0.48217239375 0.27359344218750004 0.48217239375 0.26180075 0.4783177921875 0.2414315125 0.4783177921875 0.22749472499999998 0.48988164375 0.23821536718749997 0.49759084531250003 0.2522449828125 0.4932562640625 0.2746654890625 0.48988164375 0.2875303109375 0.48988164375 0.30789955 0.4937362453125
5 0.3657909578125 0.5335672015624999 0.3593585875 0.5399915531249999 0.353998265625 0.5489857515625001 0.353998265625 0.5721133078125 0.353998265625 0.584962009375 0.3572144921875 0.6119443140625 0.364718909375 0.6235081171875 0.375439553125 0.6196536140625 0.3809140625 0.616891459375 0.37007923125 0.6080896640625 0.3657909578125 0.593956209375 0.36686308749999996 0.5618344546875 0.3657909578125 0.5335672015624999
5 0.7034913015625001 0.6093745640625 0.702419171875 0.617083765625 0.7045632671875001 0.6235081171875 0.7099235890625 0.624793015625 0.7152839109375 0.614514015625 0.7185001359375 0.5926712609375 0.7206442328125 0.577252809375 0.7249325875 0.56054950625 0.727076684375 0.5425614015625 0.7195722671875 0.5425614015625 0.71099571875 0.545131053125 0.707947971875 0.5590879906249999 0.7088516234375 0.5798225593749999 0.7088516234375 0.5952409624999999 0.7056353984375 0.6029502124999999 0.7034913015625001 0.6093745640625
1 0.3497099921875 0.06587445 0.326124609375 0.0671593234375 0.30682741875 0.0761534015625 0.2768096671875 0.0800080265625 0.25429633281249997 0.085147503125 0.2242784984375 0.0838626265625 0.18890034375 0.10570543125000001 0.15030604375 0.126263359375 0.1363692578125 0.1596699640625 0.1235044359375 0.19307659531250002 0.12089529843749999 0.2235067453125 0.3968808390625 0.124978484375 0.381871921875 0.0954264546875 0.3636468609375 0.07486855 0.3497099921875 0.06587445
1 0.9393454531250001 0.15710023906249998 0.9296967765625 0.1339725859375 0.9136158109375 0.1146995078125 0.8889584625 0.1018508046875 0.8546522734374999 0.092856728125 0.8310668906249999 0.0838626265625 0.8128418296875 0.0825777515625 0.7710313875 0.07486855 0.7431576484375 0.07486855 0.7206442328125 0.0633046984375 0.7099235890625 0.0684442 0.6852662406250001 0.0954264546875 0.6670410171875 0.127548234375 0.958584615625 0.2347463078125 0.9564983843749999 0.19307659531250002 0.9511380624999999 0.169948940625 0.9393454531250001 0.15710023906249998