2 0.5929886734375 0.197560696875 0.5784348140625 0.20444310625 0.5718855796875 0.21150664375 0.5737048109375 0.2241847828125 0.578049934375 0.2356251703125 0.5975367546875 0.2638492484375 0.6175483125000001 0.2781574359375 0.63392140625 0.2852209671875 0.6382875671875 0.27199948125 0.641562190625 0.25606123593749996 0.6408344953125 0.238674084375 0.632466028125 0.2165779046875 0.6248252437499999 0.20082078124999997 0.6144556234375 0.19176496875 0.5929886734375 0.197560696875
3 0.5027560890625 0.27490618906250003 0.5082137859375 0.27508730625 0.538049215625 0.279071865625 0.572978475 0.28704098125 0.5707717953125 0.177004690625 0.556787303125 0.1852536328125 0.5351384328125001 0.1943094453125 0.5173099484375 0.198475125 0.5083957203125 0.208617634375 0.504939190625 0.2169489859375 0.505666871875 0.2339739109375 0.5051210968750001 0.2482821 0.50257418125 0.26259028125 0.5027560890625 0.27490618906250003
2 0.353476946875 0.24398885468749998 0.35434200625 0.25647628437500003 0.3595322296875 0.2784369390625 0.3614785875 0.2812358453125 0.3671013234375 0.27908283906250003 0.3718590328125 0.276283934375 0.397593971875 0.25604568125 0.41878742343750003 0.23494623125 0.42441019375 0.213416178125 0.42159880781250003 0.20243585468749997 0.40235168125 0.1936085359375 0.37834682656249996 0.1877954125 0.3744541765625 0.1895178234375 0.367750109375 0.2048041578125 0.35563954531249997 0.22956371875 0.353476946875 0.24398885468749998
3 0.49404585 0.192532034375 0.47804261875 0.19446972499999998 0.4620393890625 0.191670828125 0.4440898328125 0.1830588078125 0.4334930984375 0.1759538828125 0.4254103953125 0.169918846875 0.42441019375 0.2788675421875 0.452307696875 0.275638034375 0.47804261875 0.2734850296875 0.496857234375 0.270255521875 0.5011824296875 0.254323278125 0.5042100546875 0.2390369453125 0.5013986874999999 0.2177221890625 0.49901983281250006 0.205880659375 0.49901983281250006 0.19662273125000002 0.49404585 0.192532034375
5 0.3442876765625 0.3292034734375 0.35345276875 0.3112692265625 0.3588897625 0.294580990625 0.3592994765625 0.2832666203125 0.35297871875000003 0.27886172343750004 0.34871219999999997 0.28106416562500003 0.3460258828125 0.284367853125 0.34570985 0.28971665468749996 0.345551821875 0.29899841875 0.3442876765625 0.30875213437500004 0.3373348421875 0.3281022515625 0.3305400234375 0.3430474609375 0.3442876765625 0.3292034734375
4 0.2921332953125 0.36365013749999997 0.283442253125 0.3655379546875 0.27759554531249997 0.3658525921875 0.27159083281249996 0.3656952703125 0.26321582499999996 0.36459404375000004 0.25642100624999997 0.3630208625 0.25089034374999997 0.3625489109375 0.24725590312499998 0.3658525921875 0.252604384375 0.368107190625 0.259581384375 0.3694709046875 0.2660601703125 0.37041480937500004 0.276647434375 0.3712014 0.28628658749999997 0.370729446875 0.2945035796875 0.3682123609375 0.304458765625 0.36365013749999997 0.3090413171875 0.3603464625 0.314255946875 0.355941553125 0.30161443125 0.36081841406250004 0.2921332953125 0.36365013749999997
5 0.6574429453125 0.34595867812500003 0.6620429765625 0.350283878125 0.6705615484375 0.35554196562499996 0.6643429875 0.3447713671875 0.66205446875 0.3388023609375 0.6586060640625 0.3291569546875 0.6564713296875 0.3170593203125 0.6546650234375 0.309702653125 0.653679765625 0.2980954671875 0.6517092390625 0.2887770203125 0.646782940625 0.284526503125 0.64021454375 0.28616131875 0.639557703125 0.2923736078125 0.6411998015625 0.29940331875 0.6446482203125 0.3088852453125 0.6477681984375 0.3200019859375 0.6517355046875 0.3319653828125 0.6541207015625 0.33900442656249996 0.6574429453125 0.34595867812500003
4 0.7568484046874999 0.36729945937499997 0.7500828546875 0.36804785624999997 0.7450713375 0.368796246875 0.7390575234375001 0.3694199078125 0.73404600625 0.369295178125 0.7289352375 0.36932614531249996 0.7227700921875 0.3696693734375 0.7167823125 0.3695756109375 0.71174475 0.3695446421875 0.7068845640625 0.36895195 0.6997171109375 0.36705 0.69297760625 0.3639626640625 0.6982396953125 0.36970034687500003 0.7024994875 0.371945525 0.7066339921875 0.37356704218750003 0.7131489609375 0.375063828125 0.7186355859375 0.376155446875 0.7251505546875 0.3764049125 0.7316655328125 0.3764049125 0.740085865625 0.376186415625 0.7457238234375 0.3759369546875 0.7547445500000001 0.3748143625 0.7574748437500001 0.373161871875 0.7584771515625001 0.371041425 0.7568484046874999 0.36729945937499997
1 0.351682440625 0.6426168046875 0.1524961 0.55314936875 0.15516351718750002 0.5703663796875 0.160650078125 0.5939532890625 0.172371378125 0.6155539250000001 0.193818890625 0.63516830625 0.22623952812499998 0.64758246875 0.2624009875 0.659251784375 0.2980636953125 0.65950006875 0.336469684375 0.65428611875 0.351682440625 0.6426168046875
1 0.66387706875 0.63616890625 0.6793446359375 0.6475348203125 0.706965315625 0.6508345906249999 0.7371639125 0.656334221875 0.7843032140624999 0.6449683234375 0.82886456875 0.6218698734375 0.8476466531250001 0.597304821875 0.8524342203125 0.5731064781249999 0.8484293921875 0.5623481453125 0.66387706875 0.63616890625
0 0.7070119203125 0.2600879109375 0.6933023609375 0.26126452499999997 0.6786473296875 0.2756192296875 0.670610709375 0.2935037796875 0.6694288515625 0.31680076874999996 0.6739198984375 0.3377445171875 0.68810219375 0.353275846875 0.7155213125000001 0.3645713515625 0.7424676578125 0.363865384375 0.7613773859374999 0.35139326406250004 0.7772142921875 0.337273878125 0.7791052546875 0.3154821671875 0.798724103125 0.3030100375 0.8178701984375 0.2968916453125 0.8259068359375 0.2975976171875 0.8228339984374999 0.307245859375 0.8332343515625 0.3185413703125 0.8502530984375 0.3206592765625 0.863726290625 0.31336426093749997 0.8753085015625001 0.29547970625 0.887836184375 0.267240940625 0.888781675 0.2345310109375 0.8833451218749999 0.220683565625 0.86609000625 0.195739321875 0.858762490625 0.1656179703125 0.769735853125 0.170358375 0.7642138546874999 0.1767696859375 0.760195528125 0.18241744375 0.7604319140625 0.1932423015625 0.764922959375 0.19889005937499998 0.7613773859374999 0.2120681484375 0.753577115625 0.23089400312500002 0.7377402265625 0.25043965 0.7221396875 0.2603232296875 0.7070119203125 0.2600879109375
0 0.1754706828125 0.304160996875 0.1813101265625 0.2977355078125 0.1782367375 0.28947416875 0.1877642625 0.2890714671875 0.1997504625 0.2946757515625 0.220956853125 0.3115044109375 0.23140638125000002 0.3386395203125 0.2449293 0.3517964703125 0.2698237484375 0.3606697671875 0.29502553125 0.3588339125 0.31899797812499997 0.34659489374999997 0.330369509375 0.3208929375 0.330369509375 0.293967084375 0.32514475625 0.2832579375 0.313773225 0.266429278125 0.2999429734375 0.25663804375 0.2913374734375 0.2584739046875 0.28365399999999996 0.25755598125 0.2719751125 0.2517424390625 0.26675035937499997 0.24348110625000002 0.2526127734375 0.22757035937499998 0.24923204999999998 0.214413421875 0.24431460781249997 0.1942190359375 0.2501540515625 0.1853457375 0.251076078125 0.16882305 0.24124121875 0.15780793125 0.23836452812500003 0.152218696875 0.1521129515625 0.15260633125 0.145658815625 0.17871096875 0.1266038109375 0.207778675 0.11953500624999999 0.218391090625 0.11584694843750001 0.236846359375 0.11799831093749999 0.263160259375 0.13121389375 0.29274317656250004 0.136438646875 0.303146353125 0.158567040625 0.30844465468750004 0.1754706828125 0.304160996875