2 0.3617124328125 0.7280005187499999 0.35843780937499997 0.7439387640625 0.3591655046875 0.761325915625 0.36753397187500003 0.7834220953125001 0.37517475624999996 0.79917921875 0.3855443765625 0.80823503125 0.40701132656250005 0.802439303125 0.4215651859375 0.7955568937499999 0.42811442031249997 0.7884933562499999 0.42629518906249997 0.7758152171875 0.42195006562500004 0.7643748296874999 0.4024632453125 0.7361507515625 0.3824516875 0.7218425640625 0.36607859375 0.7147790328125 0.3617124328125 0.7280005187499999
3 0.4826900515625 0.8015248749999999 0.4916042796875 0.791382365625 0.49506080937499997 0.7830510140625 0.49433312812499997 0.7660260890624999 0.49487890312499994 0.7517178999999999 0.49742581875 0.73740971875 0.49724391093750003 0.7250938109375 0.4917862140625 0.72491269375 0.46195078437500003 0.720928134375 0.42702152499999996 0.71295901875 0.4292282046875 0.822995309375 0.443212696875 0.8147463671875 0.46486156718749994 0.8056905546875001 0.4826900515625 0.8015248749999999
2 0.5784011921875 0.7975641453125 0.59764831875 0.8063914640625001 0.6216531734374999 0.8122045874999999 0.6255458234375 0.8104821765624999 0.632249890625 0.7951958421875001 0.6443604546875 0.7704362812500001 0.6465230531249999 0.7560111453125 0.64565799375 0.7435237156250001 0.6404677703125 0.7215630609375 0.6385214125 0.7187641546875 0.6328986765625 0.7209171609375 0.6281409671875 0.723716065625 0.602406028125 0.74395431875 0.5812125765625 0.76505376875 0.57558980625 0.7865838218750001 0.5784011921875 0.7975641453125
3 0.503142765625 0.729744478125 0.4988175703125 0.745676721875 0.4957899453125 0.7609630546874999 0.49860131250000006 0.7822778109375 0.5009801671874999 0.794119340625 0.5009801671874999 0.80337726875 0.50595415 0.807467965625 0.52195738125 0.805530275 0.5379606109374999 0.8083291718750001 0.5559101671875 0.8169411921874999 0.5665069015624999 0.8240461171875 0.5745896046875 0.830081153125 0.57558980625 0.7211324578125 0.5476923031250001 0.724361965625 0.52195738125 0.7265149703125 0.503142765625 0.729744478125
5 0.6539741171875 0.715632146875 0.65429015 0.7102833453125 0.654448178125 0.70100158125 0.6557123234375 0.6912478656250001 0.6626651578125 0.6718977484375 0.6694599765625 0.6569525390625001 0.6557123234375 0.6707965265625 0.64654723125 0.6887307734375 0.6411102375 0.705419009375 0.6407005234375001 0.7167333796875 0.64702128125 0.7211382765625001 0.6512878 0.7189358343750001 0.6539741171875 0.715632146875
4 0.7137134125 0.629270553125 0.7054964203125 0.6317876390625 0.695541234375 0.6363498625 0.6909586828125 0.6396535375 0.685744053125 0.644058446875 0.69838556875 0.6391815859375 0.7078667046875 0.6363498625 0.716557746875 0.6344620453125 0.7224044546874999 0.6341474078125 0.7284091671875 0.6343047296875 0.736784175 0.63540595625 0.74357899375 0.6369791375 0.74910965625 0.6374510890625 0.752744096875 0.6341474078125 0.747395615625 0.631892809375 0.740418615625 0.6305290953125 0.7339398296875 0.6295851906250001 0.723352565625 0.6287986 0.7137134125 0.629270553125
5 0.36044229687499996 0.7076263921875 0.3588001984375 0.70059668125 0.3553517796875 0.6911147546875 0.3522318015625 0.6799980140625 0.3482644953125 0.6680346171875 0.3458792984375 0.6609955734375 0.3425570546875 0.6540413218750001 0.3379570234375 0.6497161218749999 0.3294384515625 0.644458034375 0.3356570125 0.6552286328125 0.33794553125000004 0.6611976390625001 0.3413939359375 0.6708430453124999 0.3435286703125 0.6829406796875 0.3453349765625 0.690297346875 0.346320234375 0.7019045328125 0.3482907609375 0.7112229796875 0.35321705937500003 0.715473496875 0.35978545624999997 0.71383868125 0.36044229687499996 0.7076263921875
4 0.2683344671875 0.6235950875 0.259914134375 0.623813584375 0.2542761765625 0.6240630453125 0.24525545 0.6251856375 0.24252515625 0.626838128125 0.2415228484375 0.628958575 0.2431515953125 0.6327005406249999 0.24991714531250003 0.63195214375 0.2549286625 0.631203753125 0.2609424765625 0.6305800921875 0.26595399375 0.630704821875 0.2710647625 0.6306738546874999 0.2772299078125 0.6303306265625 0.2832176875 0.6304243890625 0.28825525 0.6304553578125 0.2931154359375 0.63104805 0.3002828890625 0.63295 0.30702239375 0.6360373359375 0.30176030468750004 0.630299653125 0.2975005125 0.628054475 0.2933660078125 0.6264329578125001 0.2868510390625 0.6249361718750001 0.2813644140625 0.623844553125 0.2748494453125 0.6235950875 0.2683344671875 0.6235950875
1 0.827628621875 0.384446075 0.806181109375 0.36483169375 0.773760471875 0.35241753125 0.7375990125 0.340748215625 0.7019363046875 0.34049993125 0.663530315625 0.34571388125 0.648317559375 0.3573831953125 0.8475039000000001 0.44685063124999996 0.8448364828124999 0.42963362031249996 0.839349921875 0.4060467109375 0.827628621875 0.384446075
1 0.2628360875 0.343665778125 0.2156967859375 0.3550316765625 0.17113543125 0.3781301265625 0.152353346875 0.402695178125 0.1475657796875 0.426893521875 0.1515706078125 0.4376518546875 0.33612293125 0.36383109375 0.3206553640625 0.3524651796875 0.293034684375 0.34916540937499996 0.2628360875 0.343665778125
0 0.2395680859375 0.8067576984375 0.235077040625 0.8011099406250001 0.2386226140625 0.7879318515625 0.24642288437499998 0.769105996875 0.2622597734375 0.74956035 0.2778603125 0.7396767703125 0.2929880796875 0.7399120890625001 0.30669763906249997 0.738735475 0.3213526703125 0.7243807703125 0.329389290625 0.7064962203125 0.3305711484375 0.6831992312499999 0.3260801015625 0.6622554828125 0.31189780625 0.646724153125 0.2844786875 0.6354286484375 0.2575323421875 0.636134615625 0.2386226140625 0.6486067359375001 0.2227857078125 0.662726121875 0.2208947453125 0.6845178328125 0.201275896875 0.6969899625 0.1821298015625 0.7031083546875 0.1740931640625 0.7024023828125 0.1771660015625 0.692754140625 0.1667656484375 0.6814586296875 0.14974690156249998 0.6793407234375 0.136273709375 0.6866357390625 0.1246914984375 0.70452029375 0.112163815625 0.732759059375 0.11121832499999999 0.7654689890624999 0.116654878125 0.779316434375 0.13390999374999998 0.8042606781250001 0.141237509375 0.8343820296875 0.23026414687500002 0.829641625 0.2357861453125 0.8232303140624999 0.239804471875 0.81758255625 0.2395680859375 0.8067576984375
0 0.8804649937500001 0.7816089093749999 0.8841530515624999 0.763153640625 0.8820016890625 0.736839740625 0.86878610625 0.7072568234375 0.8635613531249999 0.696853646875 0.8414329593750001 0.6915553453125 0.8245293171875 0.695839003125 0.8186898734374999 0.7022644921875 0.8217632625 0.71052583125 0.8122357375 0.7109285328125 0.8002495375 0.7053242484375 0.779043146875 0.6884955890625 0.76859361875 0.6613604796875 0.7550707 0.6482035296875 0.7301762515625 0.6393302328125 0.7049744687499999 0.6411660875 0.681002021875 0.6534051062499999 0.669630490625 0.6791070625 0.669630490625 0.706032915625 0.67485524375 0.7167420625 0.686226775 0.7335707218749999 0.7000570265625 0.74336195625 0.7086625265625 0.7415260953125 0.7163459999999999 0.74244401875 0.7280248874999999 0.7482575609375 0.733249640625 0.75651889375 0.7473872265625 0.772429640625 0.75076795 0.785586578125 0.7556853921875 0.8057809640625001 0.7498459484375 0.8146542625000001 0.748923921875 0.83117695 0.75875878125 0.84219206875 0.761635471875 0.8477813031249999 0.8478870484375 0.84739366875 0.8543411843750001 0.8212890312500001 0.8733961890625 0.7922213250000001 0.8804649937500001 0.7816089093749999