2 0.197560696875 0.40701132656250005 0.20444310625 0.4215651859375 0.21150664375 0.42811442031249997 0.2241847828125 0.42629518906249997 0.2356251703125 0.42195006562500004 0.2638492484375 0.4024632453125 0.2781574359375 0.3824516875 0.2852209671875 0.36607859375 0.27199948125 0.3617124328125 0.25606123593749996 0.35843780937499997 0.238674084375 0.3591655046875 0.2165779046875 0.36753397187500003 0.20082078124999997 0.37517475624999996 0.19176496875 0.3855443765625 0.197560696875 0.40701132656250005
3 0.27490618906250003 0.49724391093750003 0.27508730625 0.4917862140625 0.279071865625 0.46195078437500003 0.28704098125 0.42702152499999996 0.177004690625 0.4292282046875 0.1852536328125 0.443212696875 0.1943094453125 0.46486156718749994 0.198475125 0.4826900515625 0.208617634375 0.4916042796875 0.2169489859375 0.49506080937499997 0.2339739109375 0.49433312812499997 0.2482821 0.49487890312499994 0.26259028125 0.49742581875 0.27490618906250003 0.49724391093750003
2 0.24398885468749998 0.6465230531249999 0.25647628437500003 0.64565799375 0.2784369390625 0.6404677703125 0.2812358453125 0.6385214125 0.27908283906250003 0.6328986765625 0.276283934375 0.6281409671875 0.25604568125 0.602406028125 0.23494623125 0.5812125765625 0.213416178125 0.57558980625 0.20243585468749997 0.5784011921875 0.1936085359375 0.59764831875 0.1877954125 0.6216531734374999 0.1895178234375 0.6255458234375 0.2048041578125 0.632249890625 0.22956371875 0.6443604546875 0.24398885468749998 0.6465230531249999
3 0.192532034375 0.50595415 0.19446972499999998 0.52195738125 0.191670828125 0.5379606109374999 0.1830588078125 0.5559101671875 0.1759538828125 0.5665069015624999 0.169918846875 0.5745896046875 0.2788675421875 0.57558980625 0.275638034375 0.5476923031250001 0.2734850296875 0.52195738125 0.270255521875 0.503142765625 0.254323278125 0.4988175703125 0.2390369453125 0.4957899453125 0.2177221890625 0.49860131250000006 0.205880659375 0.5009801671874999 0.19662273125000002 0.5009801671874999 0.192532034375 0.50595415
5 0.3292034734375 0.6557123234375 0.3112692265625 0.64654723125 0.294580990625 0.6411102375 0.2832666203125 0.6407005234375001 0.27886172343750004 0.64702128125 0.28106416562500003 0.6512878 0.284367853125 0.6539741171875 0.28971665468749996 0.65429015 0.29899841875 0.654448178125 0.30875213437500004 0.6557123234375 0.3281022515625 0.6626651578125 0.3430474609375 0.6694599765625 0.3292034734375 0.6557123234375
4 0.36365013749999997 0.7078667046875 0.3655379546875 0.716557746875 0.3658525921875 0.7224044546874999 0.3656952703125 0.7284091671875 0.36459404375000004 0.736784175 0.3630208625 0.74357899375 0.3625489109375 0.74910965625 0.3658525921875 0.752744096875 0.368107190625 0.747395615625 0.3694709046875 0.740418615625 0.37041480937500004 0.7339398296875 0.3712014 0.723352565625 0.370729446875 0.7137134125 0.3682123609375 0.7054964203125 0.36365013749999997 0.695541234375 0.3603464625 0.6909586828125 0.355941553125 0.685744053125 0.36081841406250004 0.69838556875 0.36365013749999997 0.7078667046875
5 0.34595867812500003 0.3425570546875 0.350283878125 0.3379570234375 0.35554196562499996 0.3294384515625 0.3447713671875 0.3356570125 0.3388023609375 0.33794553125000004 0.3291569546875 0.3413939359375 0.3170593203125 0.3435286703125 0.309702653125 0.3453349765625 0.2980954671875 0.346320234375 0.2887770203125 0.3482907609375 0.284526503125 0.35321705937500003 0.28616131875 0.35978545624999997 0.2923736078125 0.36044229687499996 0.29940331875 0.3588001984375 0.3088852453125 0.3553517796875 0.3200019859375 0.3522318015625 0.3319653828125 0.3482644953125 0.33900442656249996 0.3458792984375 0.34595867812500003 0.3425570546875
4 0.36729945937499997 0.2431515953125 0.36804785624999997 0.24991714531250003 0.368796246875 0.2549286625 0.3694199078125 0.2609424765625 0.369295178125 0.26595399375 0.36932614531249996 0.2710647625 0.3696693734375 0.2772299078125 0.3695756109375 0.2832176875 0.3695446421875 0.28825525 0.36895195 0.2931154359375 0.36705 0.3002828890625 0.3639626640625 0.30702239375 0.36970034687500003 0.30176030468750004 0.371945525 0.2975005125 0.37356704218750003 0.2933660078125 0.375063828125 0.2868510390625 0.376155446875 0.2813644140625 0.3764049125 0.2748494453125 0.3764049125 0.2683344671875 0.376186415625 0.259914134375 0.3759369546875 0.2542761765625 0.3748143625 0.24525545 0.373161871875 0.24252515625 0.371041425 0.2415228484375 0.36729945937499997 0.2431515953125
1 0.6426168046875 0.648317559375 0.55314936875 0.8475039000000001 0.5703663796875 0.8448364828124999 0.5939532890625 0.839349921875 0.6155539250000001 0.827628621875 0.63516830625 0.806181109375 0.64758246875 0.773760471875 0.659251784375 0.7375990125 0.65950006875 0.7019363046875 0.65428611875 0.663530315625 0.6426168046875 0.648317559375
1 0.63616890625 0.33612293125 0.6475348203125 0.3206553640625 0.6508345906249999 0.293034684375 0.656334221875 0.2628360875 0.6449683234375 0.2156967859375 0.6218698734375 0.17113543125 0.597304821875 0.152353346875 0.5731064781249999 0.1475657796875 0.5623481453125 0.1515706078125 0.63616890625 0.33612293125
0 0.2600879109375 0.2929880796875 0.26126452499999997 0.30669763906249997 0.2756192296875 0.3213526703125 0.2935037796875 0.329389290625 0.31680076874999996 0.3305711484375 0.3377445171875 0.3260801015625 0.353275846875 0.31189780625 0.3645713515625 0.2844786875 0.363865384375 0.2575323421875 0.35139326406250004 0.2386226140625 0.337273878125 0.2227857078125 0.3154821671875 0.2208947453125 0.3030100375 0.201275896875 0.2968916453125 0.1821298015625 0.2975976171875 0.1740931640625 0.307245859375 0.1771660015625 0.3185413703125 0.1667656484375 0.3206592765625 0.14974690156249998 0.31336426093749997 0.136273709375 0.29547970625 0.1246914984375 0.267240940625 0.112163815625 0.2345310109375 0.11121832499999999 0.220683565625 0.116654878125 0.195739321875 0.13390999374999998 0.1656179703125 0.141237509375 0.170358375 0.23026414687500002 0.1767696859375 0.2357861453125 0.18241744375 0.239804471875 0.1932423015625 0.2395680859375 0.19889005937499998 0.235077040625 0.2120681484375 0.2386226140625 0.23089400312500002 0.24642288437499998 0.25043965 0.2622597734375 0.2603232296875 0.2778603125 0.2600879109375 0.2929880796875
0 0.304160996875 0.8245293171875 0.2977355078125 0.8186898734374999 0.28947416875 0.8217632625 0.2890714671875 0.8122357375 0.2946757515625 0.8002495375 0.3115044109375 0.779043146875 0.3386395203125 0.76859361875 0.3517964703125 0.7550707 0.3606697671875 0.7301762515625 0.3588339125 0.7049744687499999 0.34659489374999997 0.681002021875 0.3208929375 0.669630490625 0.293967084375 0.669630490625 0.2832579375 0.67485524375 0.266429278125 0.686226775 0.25663804375 0.7000570265625 0.2584739046875 0.7086625265625 0.25755598125 0.7163459999999999 0.2517424390625 0.7280248874999999 0.24348110625000002 0.733249640625 0.22757035937499998 0.7473872265625 0.214413421875 0.75076795 0.1942190359375 0.7556853921875 0.1853457375 0.7498459484375 0.16882305 0.748923921875 0.15780793125 0.75875878125 0.152218696875 0.761635471875 0.15260633125 0.8478870484375 0.17871096875 0.8543411843750001 0.207778675 0.8733961890625 0.218391090625 0.8804649937500001 0.236846359375 0.8841530515624999 0.263160259375 0.8820016890625 0.29274317656250004 0.86878610625 0.303146353125 0.8635613531249999 0.30844465468750004 0.8414329593750001 0.304160996875 0.8245293171875