1 0.0814419140625 0.254618990625 0.09352611875 0.278654659375 0.1909334625 0.06926656406250001 0.167628046875 0.066992278125 0.1412445421875 0.07116178281249999 0.1117829421875 0.0920091921875 0.09243504062499999 0.11058231562500001 0.0801227421875 0.1428010390625 0.0686898890625 0.1761569046875 0.071767971875 0.2015528578125 0.074406315625 0.23377158125 0.0814419140625 0.254618990625
1 0.0626650171875 0.6453068453124999 0.0578280234375 0.696856796875 0.061345828125 0.7374145015625 0.07937455 0.7931339296875 0.10004164062500001 0.825352653125 0.1356593640625 0.8401353671875 0.1875469171875 0.8541599765625 0.0655012546875 0.6312239265625 0.0626650171875 0.6453068453124999
2 0.6646781765625 0.5521924874999999 0.6613680140625 0.5475557890625 0.658471646875 0.5420274171874999 0.6526788796874999 0.5391740656249999 0.6462654609375 0.5389957203125 0.64005893125 0.540600734375 0.6357143796875 0.542919090625 0.6255770296875001 0.546485784375 0.6158534734375001 0.5518358234375 0.609026284375 0.5575425265625 0.595975365625 0.5718811796875001 0.5897860453125 0.5830443890625 0.582131328125 0.6005211765625 0.60530236875 0.5980245015625 0.627025221875 0.5908911156250001 0.6435759671875 0.5837577296875 0.6551614859375 0.5764459984375 0.666540121875 0.5694909578125 0.6657125984375 0.5603958796875 0.6646781765625 0.5521924874999999
2 0.6179069859374999 0.3344428328125 0.5944215374999999 0.3285748609375 0.580126040625 0.32681445 0.58280866875 0.338936496875 0.5872737828125 0.3702374578125 0.6063344500000001 0.38578759375 0.63152175625 0.39899053281249997 0.649901684375 0.4028047234375 0.6645375312499999 0.3942961359375 0.6730467546875001 0.3778658390625 0.6744082359375 0.3675968875 0.65841090625 0.3526335390625 0.6356061734375 0.342951375 0.6179069859374999 0.3344428328125
3 0.676736453125 0.4451267328125 0.688333175 0.432250025 0.702681665625 0.42394793281250004 0.7134921671875001 0.4171707171875 0.7211577984375 0.408360340625 0.7204717656249999 0.4040990796875 0.5603761484375 0.4059883 0.5674521125 0.43445262500000004 0.56981076875 0.45902003281250003 0.574331521875 0.471557871875 0.58160404375 0.472574465625 0.6030284953125 0.4691858578125 0.6427325125000001 0.4688469890625 0.657081003125 0.46698325625 0.6716260359375 0.45597028125000005 0.676736453125 0.4451267328125
3 0.6418569062499999 0.47849599062500003 0.628548865625 0.47664573906249996 0.6062257078125 0.47738582812499997 0.5875515171875 0.47849599062500003 0.5783217484375001 0.482381528125 0.571882375 0.49255790624999995 0.5680187515624999 0.5136507531250001 0.5652283546875 0.5358537625 0.7167760640624999 0.5380082203125001 0.7133339578125 0.5312281359375 0.7071092265625001 0.524197190625 0.6961622937499999 0.5221619046875 0.6886496906249999 0.5147609015625 0.6777027578125 0.504769559375 0.6725512546875 0.494223121875 0.6669704671875001 0.48774724375 0.6553795906250001 0.47775590156250003 0.6418569062499999 0.47849599062500003
4 0.44765639999999995 0.7640635125 0.45224339999999996 0.7639114250000001 0.45347836406250003 0.7619344296875 0.45488974843749996 0.7587408124999999 0.453394690625 0.7524973328125 0.445023509375 0.7378803484375 0.43879877812499996 0.7195628640625 0.4402466234375 0.7026243531249999 0.44465720312499996 0.6881770265625 0.446950703125 0.6795086343750001 0.451033590625 0.669421071875 0.44465720312499996 0.674794234375 0.4397173546875 0.68148561875 0.4365417390625 0.6893936468749999 0.4337189640625 0.6968454171875 0.432484003125 0.7042971875 0.43195473125 0.7120531296875 0.431249046875 0.72117775625 0.43301327812499996 0.7316710796875 0.43472050468749995 0.7397306 0.43777669531249996 0.7505286453125 0.439540928125 0.7570679546875 0.444127934375 0.762846890625 0.44765639999999995 0.7640635125
4 0.4569021796875 0.24340088437500002 0.45291411562499995 0.22499894843749998 0.453852471875 0.2086191890625 0.4608902453125 0.193048325 0.4658167 0.1847573609375 0.47285447343750003 0.173635309375 0.47319622812500006 0.1674224296875 0.471711415625 0.16486260625 0.467850903125 0.1635826953125 0.46399039531249997 0.16631317031249998 0.4620106375 0.1692142984375 0.45885553124999995 0.1747585203125 0.457061259375 0.18278136875 0.45023111875 0.1964337515625 0.4469645296875 0.20445453281249998 0.44528174062500003 0.21230466093749997 0.444787071875 0.22246379218749998 0.44637087500000006 0.23389767031250003 0.450528353125 0.24558753281249998 0.4551807640625 0.25215774375 0.45948269374999995 0.25694957343749997 0.4569021796875 0.24340088437500002
5 0.5031164296874999 0.3055569953125 0.48817685 0.30463989062499996 0.5119621203125 0.31532651562499997 0.5362877484374999 0.322236671875 0.5619955125 0.32771712656249996 0.5738818984375 0.32914682812499996 0.58410974375 0.3208069890625 0.5830040078125001 0.310799171875 0.5686297796875001 0.3086546390625 0.5445805765625 0.3103226171875 0.5197020921875 0.3086546390625 0.5031164296874999 0.3055569953125
5 0.5827144015625 0.6226612593749999 0.5845216843750001 0.6192622515624999 0.5861646640625 0.6133139984375 0.5858496171875001 0.607620596875 0.5804142390625 0.6055246109375 0.5703920499999999 0.606515984375 0.560553946875 0.6081944015625 0.5385182296875 0.6138804906249999 0.5212669359375 0.6158632453124999 0.5096017749999999 0.617562753125 0.4982652109375 0.6195454984375 0.4859531140625 0.6228028828125 0.4736307609375 0.6279013875 0.4902248625 0.6267683921875 0.4993118234375 0.6256957046875 0.5182835734375 0.623113540625 0.5402508546875 0.62397426875 0.5652136796875 0.6265564328125001 0.5713778484375001 0.6267683921875 0.5786069515625 0.6246440140625 0.5827144015625 0.6226612593749999
0 0.6413793078125 0.7332537984374999 0.6220383875 0.7233867078125 0.6090128421875 0.7182830546875001 0.601118578125 0.7067147984375 0.600723871875 0.697187971875 0.6003291640625 0.6743916703124999 0.5837511937500001 0.6614624078125 0.5659891015625 0.6454709765625 0.547042903125 0.6434294953124999 0.5205970890625 0.641388065625 0.49178303124999995 0.6498941515625 0.4736262328125 0.6611221953124999 0.4570482765625 0.6801757984375 0.45073285625 0.706374534375 0.4534958515625 0.72712940625 0.46336368125 0.74958546875 0.480731065625 0.765917165625 0.5157602171875 0.7802073796875 0.5283910328125 0.785991534375 0.533522309375 0.79381711875 0.5295751765625 0.8023232046875 0.5177337828125 0.8050451625000001 0.50549766875 0.8183146625 0.503524103125 0.8281817281249999 0.5122077953125 0.8448536359375 0.5224703359375 0.8581231359375 0.53589058125 0.8700316578124999 0.5536526734375 0.8734340921875001 0.568651778125 0.8747950718749999 0.584045596875 0.872753615625 0.5958869921875001 0.8768365265625 0.6156226499999999 0.8805792 0.6282534578125001 0.8747950718749999 0.638516009375 0.863907290625 0.6614093703124999 0.852679246875 0.6918022859375 0.8445133984375 0.734826025 0.84281218125 0.772323775 0.8431524187500001 0.773033225 0.7617049687499999 0.764661603125 0.755029384375 0.753214946875 0.7438013406249999 0.7433471171875 0.7288306234374999 0.7338739953125 0.7152208843750001 0.719269590625 0.7087562796875 0.70269165 0.7101172328125 0.6884819671875 0.71862331875 0.6679568953125 0.7332537984374999 0.6413793078125 0.7332537984374999
0 0.5596215875 0.0735841390625 0.5485835375 0.089686171875 0.5345737109375001 0.096639284375 0.5307528453125 0.10981366875000001 0.5316019265625 0.12628159375 0.5362718703125 0.1328687859375 0.546885378125 0.1372602296875 0.5583479609374999 0.1401878765625 0.5596215875 0.14860484062499998 0.553678025 0.1577537046875 0.5405172734375 0.159949425 0.5078673625000001 0.159949425 0.4891875828125 0.17348973125 0.47560230625 0.189957684375 0.464139715625 0.20825540937499998 0.46201701249999994 0.223625515625 0.46244154687499994 0.246314684375 0.47008326875 0.2620507390625 0.488338515625 0.2843739578125 0.507018278125 0.2927908953125 0.550321425 0.3001099859375 0.5830109984375 0.2913271 0.609332484375 0.27266339687499996 0.6118797515625001 0.24594873437500003 0.618672390625 0.22801695781250003 0.6407484734375 0.21959999375 0.6734380953125 0.2192340453125 0.6908442406249999 0.2258212375 0.7061276859375 0.24192324062499998 0.730879246875 0.245216809375 0.7453136234375 0.24594873437500003 0.7588988999999999 0.2324084015625 0.7690878734375 0.2148426015625 0.7835222500000001 0.2078894609375 0.8001473906250001 0.201995215625 0.8020341078125 0.11640080625 0.743023 0.1105455671875 0.7065125250000001 0.09956693125 0.676794703125 0.08163512656250001 0.665332128125 0.06699694687499999 0.6470768828125 0.059311935937500004 0.63349160625 0.06077573125 0.6016510921875 0.05967785625000001 0.5787259015624999 0.06260550312499999 0.5596215875 0.0735841390625