1 0.9079908078125 0.1117829421875 0.8894176843749999 0.09243504062499999 0.8571989609375 0.0801227421875 0.8238430953125 0.0686898890625 0.7984471421875 0.071767971875 0.76622841875 0.074406315625 0.745381009375 0.0814419140625 0.721345340625 0.09352611875 0.9307334359375 0.1909334625 0.933007721875 0.167628046875 0.9288382171875 0.1412445421875 0.9079908078125 0.1117829421875
1 0.2625854984375 0.061345828125 0.20686607031249998 0.07937455 0.174647346875 0.10004164062500001 0.15986463281250002 0.1356593640625 0.1458400234375 0.1875469171875 0.36877607343749996 0.0655012546875 0.35469315468749996 0.0626650171875 0.303143203125 0.0578280234375 0.2625854984375 0.061345828125
2 0.4019754984375 0.60530236875 0.409108884375 0.627025221875 0.41624227031250005 0.6435759671875 0.4235540015625 0.6551614859375 0.43050904218749997 0.666540121875 0.43960412031249996 0.6657125984375 0.4478075125 0.6646781765625 0.45244421093750004 0.6613680140625 0.45797258281250003 0.658471646875 0.460825934375 0.6526788796874999 0.46100427968749996 0.6462654609375 0.459399265625 0.64005893125 0.457080909375 0.6357143796875 0.453514215625 0.6255770296875001 0.44816417656249996 0.6158534734375001 0.44245747343749997 0.609026284375 0.4281188203125 0.595975365625 0.4169556109375 0.5897860453125 0.3994788234375 0.582131328125 0.4019754984375 0.60530236875
2 0.5971952765624999 0.649901684375 0.6057038640625 0.6645375312499999 0.6221341609375 0.6730467546875001 0.6324031125 0.6744082359375 0.6473664609374999 0.65841090625 0.657048625 0.6356061734375 0.6655571671875 0.6179069859374999 0.6714251390625 0.5944215374999999 0.67318555 0.580126040625 0.6610635031250001 0.58280866875 0.6297625421874999 0.5872737828125 0.61421240625 0.6063344500000001 0.6010094671874999 0.63152175625 0.5971952765624999 0.649901684375
3 0.528442128125 0.574331521875 0.5274255343750001 0.58160404375 0.5308141421875 0.6030284953125 0.5311530109375 0.6427325125000001 0.53301674375 0.657081003125 0.54402971875 0.6716260359375 0.5548732671875001 0.676736453125 0.567749975 0.688333175 0.5760520671875 0.702681665625 0.5828292828125 0.7134921671875001 0.591639659375 0.7211577984375 0.5959009203125001 0.7204717656249999 0.5940117 0.5603761484375 0.565547375 0.5674521125 0.5409799671875 0.56981076875 0.528442128125 0.574331521875
3 0.4778380953125 0.6961622937499999 0.4852390984375 0.6886496906249999 0.495230440625 0.6777027578125 0.505776878125 0.6725512546875 0.51225275625 0.6669704671875001 0.5222440984375 0.6553795906250001 0.521504009375 0.6418569062499999 0.5233542609375 0.628548865625 0.522614171875 0.6062257078125 0.521504009375 0.5875515171875 0.517618471875 0.5783217484375001 0.50744209375 0.571882375 0.486349246875 0.5680187515624999 0.46414623749999995 0.5652283546875 0.4619917796875 0.7167760640624999 0.46877186406250004 0.7133339578125 0.475802809375 0.7071092265625001 0.4778380953125 0.6961622937499999
4 0.27882224375 0.431249046875 0.2683289203125 0.43301327812499996 0.2602694 0.43472050468749995 0.24947135468749998 0.43777669531249996 0.24293204531249998 0.439540928125 0.23715310937499998 0.444127934375 0.2359364875 0.44765639999999995 0.236088575 0.45224339999999996 0.2380655703125 0.45347836406250003 0.2412591875 0.45488974843749996 0.24750266718749997 0.453394690625 0.2621196515625 0.445023509375 0.2804371359375 0.43879877812499996 0.297375646875 0.4402466234375 0.3118229734375 0.44465720312499996 0.320491365625 0.446950703125 0.330578928125 0.451033590625 0.325205765625 0.44465720312499996 0.31851438125 0.4397173546875 0.31060635312499996 0.4365417390625 0.3031545828125 0.4337189640625 0.29570281249999997 0.432484003125 0.2879468703125 0.43195473125 0.27882224375 0.431249046875
4 0.7876953390625 0.44528174062500003 0.7775362078125 0.444787071875 0.7661023296875 0.44637087500000006 0.7544124671875 0.450528353125 0.74784225625 0.4551807640625 0.7430504265625 0.45948269374999995 0.756599115625 0.4569021796875 0.7750010515625 0.45291411562499995 0.7913808109375 0.453852471875 0.806951675 0.4608902453125 0.8152426390624999 0.4658167 0.8263646906250001 0.47285447343750003 0.8325775703125 0.47319622812500006 0.83513739375 0.471711415625 0.8364173046875001 0.467850903125 0.8336868296875 0.46399039531249997 0.8307857015625 0.4620106375 0.8252414796875 0.45885553124999995 0.8172186312499999 0.457061259375 0.8035662484375001 0.45023111875 0.7955454671875 0.4469645296875 0.7876953390625 0.44528174062500003
5 0.6708531718749999 0.5738818984375 0.6791930109375001 0.58410974375 0.6892008281249999 0.5830040078125001 0.6913453609375 0.5686297796875001 0.6896773828125 0.5445805765625 0.6913453609375 0.5197020921875 0.6944430046875001 0.5031164296874999 0.6953601093749999 0.48817685 0.684673484375 0.5119621203125 0.677763328125 0.5362877484374999 0.6722828734374999 0.5619955125 0.6708531718749999 0.5738818984375
5 0.3743042953125 0.4993118234375 0.376886459375 0.5182835734375 0.37602573125 0.5402508546875 0.3734435671875 0.5652136796875 0.37323160781250003 0.5713778484375001 0.3753559859375 0.5786069515625 0.377338740625 0.5827144015625 0.38073774843749997 0.5845216843750001 0.3866860015625 0.5861646640625 0.39237940312499997 0.5858496171875001 0.3944753890625 0.5804142390625 0.393484015625 0.5703920499999999 0.3918055984375 0.560553946875 0.386119509375 0.5385182296875 0.38413675468749997 0.5212669359375 0.382437246875 0.5096017749999999 0.3804545015625 0.4982652109375 0.37719711718750004 0.4859531140625 0.3720986125 0.4736307609375 0.37323160781250003 0.4902248625 0.3743042953125 0.4993118234375
0 0.2711693765625 0.7433471171875 0.284779115625 0.7338739953125 0.2912437203125 0.719269590625 0.2898827671875 0.70269165 0.28137668125 0.6884819671875 0.2667462015625 0.6679568953125 0.2667462015625 0.6413793078125 0.2766132921875 0.6220383875 0.2817169453125 0.6090128421875 0.2932852015625 0.601118578125 0.302812028125 0.600723871875 0.3256083296875 0.6003291640625 0.3385375921875 0.5837511937500001 0.3545290234375 0.5659891015625 0.35657050468749996 0.547042903125 0.358611934375 0.5205970890625 0.35010584843750003 0.49178303124999995 0.3388778046875 0.4736262328125 0.3198242015625 0.4570482765625 0.293625465625 0.45073285625 0.27287059375 0.4534958515625 0.25041453125 0.46336368125 0.23408283437500002 0.480731065625 0.21979262031250002 0.5157602171875 0.214008465625 0.5283910328125 0.20618288125 0.533522309375 0.1976767953125 0.5295751765625 0.1949548375 0.5177337828125 0.1816853375 0.50549766875 0.171818271875 0.503524103125 0.1551463640625 0.5122077953125 0.1418768640625 0.5224703359375 0.1299683421875 0.53589058125 0.1265659078125 0.5536526734375 0.125204928125 0.568651778125 0.127246384375 0.584045596875 0.1231634734375 0.5958869921875001 0.1194208 0.6156226499999999 0.125204928125 0.6282534578125001 0.136092709375 0.638516009375 0.14732075312499998 0.6614093703124999 0.1554866015625 0.6918022859375 0.15718781875 0.734826025 0.15684758125 0.772323775 0.23829503124999998 0.773033225 0.244970615625 0.764661603125 0.25619865937499997 0.753214946875 0.2711693765625 0.7433471171875
0 0.9183648734375 0.676794703125 0.933003053125 0.665332128125 0.9406880640624999 0.6470768828125 0.93922426875 0.63349160625 0.9403221437499999 0.6016510921875 0.9373944968749999 0.5787259015624999 0.9264158609375001 0.5596215875 0.9103138281250001 0.5485835375 0.903360715625 0.5345737109375001 0.89018633125 0.5307528453125 0.8737184062500001 0.5316019265625 0.8671312140625 0.5362718703125 0.8627397703125 0.546885378125 0.8598121234375 0.5583479609374999 0.8513951593750001 0.5596215875 0.8422462953125001 0.553678025 0.840050575 0.5405172734375 0.840050575 0.5078673625000001 0.8265102687500001 0.4891875828125 0.8100423156250001 0.47560230625 0.791744590625 0.464139715625 0.776374484375 0.46201701249999994 0.7536853156250001 0.46244154687499994 0.7379492609375 0.47008326875 0.7156260421875 0.488338515625 0.7072091046875 0.507018278125 0.6998900140625001 0.550321425 0.7086729 0.5830109984375 0.727336603125 0.609332484375 0.754051265625 0.6118797515625001 0.7719830421875 0.618672390625 0.7804000062500001 0.6407484734375 0.7807659546875 0.6734380953125 0.7741787625 0.6908442406249999 0.758076759375 0.7061276859375 0.754783190625 0.730879246875 0.754051265625 0.7453136234375 0.7675915984375 0.7588988999999999 0.7851573984375 0.7690878734375 0.7921105390625 0.7835222500000001 0.798004784375 0.8001473906250001 0.88359919375 0.8020341078125 0.8894544328125 0.743023 0.90043306875 0.7065125250000001 0.9183648734375 0.676794703125