1 0.254618990625 0.9185580859375 0.278654659375 0.90647388125 0.06926656406250001 0.8090665375 0.066992278125 0.8323719531249999 0.07116178281249999 0.8587554578125 0.0920091921875 0.8882170578125 0.11058231562500001 0.907564959375 0.1428010390625 0.9198772578125001 0.1761569046875 0.9313101109374999 0.2015528578125 0.9282320281249999 0.23377158125 0.925593684375 0.254618990625 0.9185580859375
1 0.6453068453124999 0.9373349828125 0.696856796875 0.9421719765625 0.7374145015625 0.9386541718749999 0.7931339296875 0.92062545 0.825352653125 0.899958359375 0.8401353671875 0.8643406359375 0.8541599765625 0.8124530828125 0.6312239265625 0.9344987453125 0.6453068453124999 0.9373349828125
2 0.5521924874999999 0.3353218234375 0.5475557890625 0.3386319859375 0.5420274171874999 0.341528353125 0.5391740656249999 0.3473211203125 0.5389957203125 0.3537345390625 0.540600734375 0.35994106875 0.542919090625 0.3642856203125 0.546485784375 0.3744229703125 0.5518358234375 0.38414652656250003 0.5575425265625 0.390973715625 0.5718811796875001 0.40402463437499997 0.5830443890625 0.4102139546875 0.6005211765625 0.417868671875 0.5980245015625 0.39469763125 0.5908911156250001 0.372974778125 0.5837577296875 0.3564240328125 0.5764459984375 0.3448385140625 0.5694909578125 0.333459878125 0.5603958796875 0.33428740156250003 0.5521924874999999 0.3353218234375
2 0.3344428328125 0.38209301406249996 0.3285748609375 0.4055784625 0.32681445 0.419873959375 0.338936496875 0.41719133125 0.3702374578125 0.4127262171875 0.38578759375 0.39366555000000003 0.39899053281249997 0.36847824375 0.4028047234375 0.350098315625 0.3942961359375 0.33546246874999996 0.3778658390625 0.32695324531250003 0.3675968875 0.3255917640625 0.3526335390625 0.34158909375 0.342951375 0.3643938265625 0.3344428328125 0.38209301406249996
3 0.4451267328125 0.323263546875 0.432250025 0.311666825 0.42394793281250004 0.297318334375 0.4171707171875 0.28650783281250003 0.408360340625 0.2788422015625 0.4040990796875 0.27952823437499996 0.4059883 0.4396238515625 0.43445262500000004 0.4325478875 0.45902003281250003 0.43018923124999997 0.471557871875 0.42566847812499997 0.472574465625 0.41839595625000003 0.4691858578125 0.39697150468750003 0.4688469890625 0.35726748750000004 0.46698325625 0.342918996875 0.45597028125000005 0.32837396406249997 0.4451267328125 0.323263546875
3 0.47849599062500003 0.35814309375 0.47664573906249996 0.371451134375 0.47738582812499997 0.3937742921875 0.47849599062500003 0.4124484828125 0.482381528125 0.4216782515625 0.49255790624999995 0.42811762499999995 0.5136507531250001 0.4319812484375 0.5358537625 0.4347716453125 0.5380082203125001 0.2832239359375 0.5312281359375 0.28666604218749997 0.524197190625 0.29289077343750003 0.5221619046875 0.30383770625 0.5147609015625 0.31135030937499997 0.504769559375 0.3222972421875 0.494223121875 0.3274487453125 0.48774724375 0.33302953281250003 0.47775590156250003 0.344620409375 0.47849599062500003 0.35814309375
4 0.7640635125 0.5523436 0.7639114250000001 0.5477566 0.7619344296875 0.5465216359375 0.7587408124999999 0.5451102515625 0.7524973328125 0.5466053093750001 0.7378803484375 0.554976490625 0.7195628640625 0.561201221875 0.7026243531249999 0.5597533765625 0.6881770265625 0.555342796875 0.6795086343750001 0.553049296875 0.669421071875 0.548966409375 0.674794234375 0.555342796875 0.68148561875 0.5602826453125 0.6893936468749999 0.5634582609375001 0.6968454171875 0.5662810359375 0.7042971875 0.567515996875 0.7120531296875 0.5680452687499999 0.72117775625 0.568750953125 0.7316710796875 0.566986721875 0.7397306 0.5652794953125 0.7505286453125 0.5622233046875 0.7570679546875 0.560459071875 0.762846890625 0.555872065625 0.7640635125 0.5523436
4 0.24340088437500002 0.5430978203125 0.22499894843749998 0.547085884375 0.2086191890625 0.546147528125 0.193048325 0.5391097546875 0.1847573609375 0.5341833 0.173635309375 0.5271455265625 0.1674224296875 0.5268037718749999 0.16486260625 0.528288584375 0.1635826953125 0.532149096875 0.16631317031249998 0.5360096046875 0.1692142984375 0.5379893625000001 0.1747585203125 0.54114446875 0.18278136875 0.542938740625 0.1964337515625 0.54976888125 0.20445453281249998 0.5530354703125 0.21230466093749997 0.554718259375 0.22246379218749998 0.555212928125 0.23389767031250003 0.5536291249999999 0.24558753281249998 0.549471646875 0.25215774375 0.5448192359374999 0.25694957343749997 0.54051730625 0.24340088437500002 0.5430978203125
5 0.3055569953125 0.4968835703125 0.30463989062499996 0.51182315 0.31532651562499997 0.4880378796875 0.322236671875 0.4637122515625 0.32771712656249996 0.43800448750000004 0.32914682812499996 0.42611810156249996 0.3208069890625 0.41589025625 0.310799171875 0.4169959921875 0.3086546390625 0.43137022031249994 0.3103226171875 0.4554194234375 0.3086546390625 0.48029790781250004 0.3055569953125 0.4968835703125
5 0.6226612593749999 0.4172855984375 0.6192622515624999 0.415478315625 0.6133139984375 0.41383533593750005 0.607620596875 0.4141503828125 0.6055246109375 0.41958576093750005 0.606515984375 0.42960795 0.6081944015625 0.439446053125 0.6138804906249999 0.46148177031250004 0.6158632453124999 0.4787330640625 0.617562753125 0.490398225 0.6195454984375 0.5017347890625 0.6228028828125 0.5140468859375 0.6279013875 0.5263692390625 0.6267683921875 0.5097751374999999 0.6256957046875 0.5006881765625 0.623113540625 0.4817164265625 0.62397426875 0.45974914531250005 0.6265564328125001 0.4347863203125 0.6267683921875 0.4286221515625 0.6246440140625 0.42139304843750003 0.6226612593749999 0.4172855984375
0 0.7332537984374999 0.35862069218750003 0.7233867078125 0.3779616125 0.7182830546875001 0.39098715781250004 0.7067147984375 0.398881421875 0.697187971875 0.399276128125 0.6743916703124999 0.39967083593749997 0.6614624078125 0.41624880624999994 0.6454709765625 0.4340108984375 0.6434294953124999 0.45295709687499996 0.641388065625 0.4794029109375 0.6498941515625 0.50821696875 0.6611221953124999 0.5263737671875 0.6801757984375 0.5429517234375 0.706374534375 0.5492671437500001 0.72712940625 0.5465041484375 0.74958546875 0.5366363187500001 0.765917165625 0.519268934375 0.7802073796875 0.48423978281249996 0.785991534375 0.4716089671875 0.79381711875 0.466477690625 0.8023232046875 0.47042482343750003 0.8050451625000001 0.48226621718749996 0.8183146625 0.49450233125 0.8281817281249999 0.496475896875 0.8448536359375 0.48779220468749995 0.8581231359375 0.4775296640625 0.8700316578124999 0.46410941875 0.8734340921875001 0.4463473265625 0.8747950718749999 0.431348221875 0.872753615625 0.41595440312500004 0.8768365265625 0.4041130078125 0.8805792 0.38437735 0.8747950718749999 0.37174654218750003 0.863907290625 0.361483990625 0.852679246875 0.3385906296875 0.8445133984375 0.30819771406249996 0.84281218125 0.265173975 0.8431524187500001 0.227676225 0.7617049687499999 0.226966775 0.755029384375 0.23533839687500002 0.7438013406249999 0.246785053125 0.7288306234374999 0.2566528828125 0.7152208843750001 0.2661260046875 0.7087562796875 0.280730409375 0.7101172328125 0.29730835 0.71862331875 0.3115180328125 0.7332537984374999 0.3320431046875 0.7332537984374999 0.35862069218750003
0 0.0735841390625 0.4403784125 0.089686171875 0.4514164625 0.096639284375 0.46542628906249994 0.10981366875000001 0.4692471546875 0.12628159375 0.4683980734375 0.1328687859375 0.4637281296875 0.1372602296875 0.453114621875 0.1401878765625 0.4416520390625 0.14860484062499998 0.4403784125 0.1577537046875 0.44632197500000004 0.159949425 0.4594827265625 0.159949425 0.49213263749999997 0.17348973125 0.5108124171874999 0.189957684375 0.52439769375 0.20825540937499998 0.535860284375 0.223625515625 0.5379829875000001 0.246314684375 0.5375584531250001 0.2620507390625 0.5299167312499999 0.2843739578125 0.511661484375 0.2927908953125 0.492981721875 0.3001099859375 0.44967857499999997 0.2913271 0.41698900156249996 0.27266339687499996 0.390667515625 0.24594873437500003 0.38812024843750004 0.22801695781250003 0.381327609375 0.21959999375 0.3592515265625 0.2192340453125 0.3265619046875 0.2258212375 0.309155759375 0.24192324062499998 0.29387231406250003 0.245216809375 0.269120753125 0.24594873437500003 0.2546863765625 0.2324084015625 0.24110109999999998 0.2148426015625 0.2309121265625 0.2078894609375 0.21647775 0.201995215625 0.199852609375 0.11640080625 0.1979658921875 0.1105455671875 0.256977 0.09956693125 0.293487475 0.08163512656250001 0.323205296875 0.06699694687499999 0.33466787187499997 0.059311935937500004 0.35292311718749997 0.06077573125 0.36650839375 0.05967785625000001 0.3983489078125 0.06260550312499999 0.4212740984375 0.0735841390625 0.4403784125