1 0.851840021875 0.1413441765625 0.8167544515625 0.124167221875 0.77425235 0.10243312812500001 0.7437307328125 0.09226718125 0.6969499203125 0.08735947499999999 0.678408746875 0.08981332812500001 0.6655725484375 0.0975254296875 0.6544478406249999 0.10278367968749999 0.64020465 0.1174899828125 0.9066078328125 0.2524685109375 0.8923453921875 0.201638765625 0.8735189515625 0.161676078125 0.851840021875 0.1413441765625
1 0.2709709578125 0.0626996015625 0.22236941875 0.06080348437500001 0.18495395625 0.07692049375 0.13403803593750002 0.10109600156250001 0.10279419218750001 0.130011825 0.08736513125 0.15797956875000002 0.0742504375 0.196850009375 0.07193606875 0.2290840265625 0.336216484375 0.086013046875 0.3288299671875 0.07360228125 0.300286196875 0.06080348437500001 0.2709709578125 0.0626996015625
2 0.3127533109375 0.6484815421875 0.313509475 0.6682284734375 0.3203149265625 0.688440040625 0.33165735 0.7079546578125 0.3516956296875 0.7293278 0.3617147765625 0.7356003656250001 0.3713558484375 0.735832678125 0.37759415937499996 0.7300247578125 0.380051690625 0.715853434375 0.3828872953125 0.6975004 0.37759415937499996 0.68727845625 0.3701552859375 0.679690709375 0.350372353125 0.66032970625 0.3310902234375 0.6491785 0.3140765875 0.6433705796875 0.3127533109375 0.6484815421875
2 0.5500817578125 0.7289617125000001 0.55268005 0.74219038125 0.561402934375 0.7462958171875 0.5762503828125001 0.7469800656250001 0.595737659375 0.7424184578124999 0.6085435859375 0.7326109953125 0.6183800125000001 0.7198384984375 0.624875771875 0.70341671875 0.6306291703125 0.6860826062500001 0.6341554281249999 0.6758189890625 0.6298867796875001 0.6762751421875 0.6163178281249999 0.680692134375 0.5844164828125 0.6940654187499999 0.5656715671875 0.707294078125 0.553979209375 0.717785771875 0.5500817578125 0.7289617125000001
3 0.49373660937499997 0.681191509375 0.47578478124999996 0.6799125765625 0.4705813484375 0.6917426609375 0.4677194453125 0.7003754265625 0.4682398 0.713164703125 0.4669389421875 0.73618540625 0.4669389421875 0.7537706640625 0.4705813484375 0.759206109375 0.478646665625 0.7614442343750001 0.49061455781249996 0.7656007359375 0.5010214234375 0.7656007359375 0.5171520578125001 0.7767913531249999 0.53510390625 0.7879819718750001 0.5487931140625 0.7939986171875 0.547852321875 0.6671232984375 0.5377056234375 0.6735179375 0.5171520578125001 0.6776744625 0.49373660937499997 0.681191509375
3 0.4319304 0.7583319515625 0.442337265625 0.7567332906249999 0.4540449890625 0.753535971875 0.4589882546875 0.734032315625 0.4600289453125 0.7065353609375 0.46471204374999997 0.6921474234375 0.46861461875000004 0.6761608265625 0.44337795625 0.6697661874999999 0.41788114531250004 0.6643307421875 0.38561985781249997 0.6432284375 0.383556684375 0.7832105921875 0.3918639796875 0.7784750484375 0.41241752500000006 0.7656857718750001 0.4319304 0.7583319515625
5 0.2989327171875 0.5563896796875001 0.301224215625 0.5685926718750001 0.30249726875 0.58110858125 0.3019880546875 0.603011421875 0.2991873234375 0.6246013687499999 0.300969609375 0.6305464296875 0.3091171375 0.6336754078125 0.3157370078125 0.6324238109375 0.319810790625 0.6255400718749999 0.319810790625 0.6161531390625 0.31471858125 0.5967534671875 0.310644796875 0.5773538171875 0.30835331718750003 0.566715290625 0.3047887671875 0.5529477859374999 0.3004603765625 0.5441866640625 0.2940951140625 0.5344868515625001 0.28416531875 0.522909609375 0.2925674546875 0.5394931859375001 0.2956227921875 0.5460640453125001 0.2989327171875 0.5563896796875001
4 0.18945149687500001 0.48786327656250006 0.18643027343750002 0.491427628125 0.185584334375 0.49469494843749995 0.18691367187500002 0.4994474140625 0.1919588921875 0.49885315312499995 0.194527159375 0.49811078125 0.20359083125000002 0.4967741484375 0.21974885 0.49819069687499995 0.23038886406249998 0.49870464062500003 0.235464515625 0.4991501828125 0.2412652703125 0.5010808703125 0.24953827187500002 0.50695183125 0.2594680859375 0.5128968796875 0.2529876140625 0.5022689859375 0.24984553437499998 0.49840760937499995 0.24742855625 0.49573435000000005 0.2431988421875 0.49320960156250004 0.23667300624999998 0.490536340625 0.229542925 0.4891997078125 0.2082913765625 0.486926371875 0.1951314046875 0.4869721921875 0.18945149687500001 0.48786327656250006
5 0.6380032828125 0.6062620640625 0.6359176015625 0.61288355625 0.6333104921875 0.62100021875 0.625662971875 0.6436414328125 0.625662971875 0.6605155515625001 0.6298343484375 0.6694865937500001 0.6380032828125 0.672263353125 0.642869890625 0.6703409828125 0.6463460359375001 0.6658554624999999 0.647215071875 0.6530396781250001 0.6470412671875 0.6327480203125 0.646519840625 0.620573040625 0.6480841078124999 0.6096796109375 0.6498221796875 0.59622303125 0.652255484375 0.5829800609375 0.6599029921875 0.56589235 0.668071940625 0.55371735 0.6611196515625 0.558843665625 0.6541673609374999 0.563329190625 0.649300753125 0.5699506765625 0.642174659375 0.5932326875 0.6380032828125 0.6062620640625
4 0.707318984375 0.5298104968749999 0.7014095359375 0.5321600531249999 0.6956739046875 0.536859175 0.690807296875 0.5424126874999999 0.6848978484375 0.5515973296875 0.69984528125 0.5456166328125 0.7095784843749999 0.5402767234375 0.7177474187499999 0.5381407593749999 0.7255687453124999 0.536859175 0.7375614609375 0.5366455828125 0.7572016578125 0.5409175109375 0.7651968015625 0.541131103125 0.7686729453125001 0.5362183875000001 0.7683253359375 0.530237690625 0.759634975 0.529169709375 0.7384304968750001 0.52660655 0.7286972796875 0.5259657625 0.7207021499999999 0.5270337453125 0.707318984375 0.5298104968749999
0 0.8958644453125 0.7855805015625 0.9062913859374999 0.7766819421875 0.9091877531250001 0.7385961062499999 0.9019468343750001 0.7090528921875 0.8944162625000001 0.678797796875 0.8865960796874999 0.65210210625 0.8816722640625001 0.643915434375 0.8619769578125 0.6389322359375 0.847495121875 0.6481867390625 0.8434402249999999 0.6624244328125 0.846626203125 0.67025516875 0.84404165 0.67632068125 0.835642159375 0.67489690625 0.8147883234375 0.668134009375 0.8058095890624999 0.6553200765625 0.798568671875 0.6368110703125 0.791038121875 0.6232852624999999 0.7881417546875 0.6076238140625 0.7858246515625 0.584843490625 0.7725013656249999 0.5654955046875 0.7551231625 0.5541053453125 0.7397724078125 0.548766209375 0.722973490625 0.54805434375 0.71225691875 0.550189984375 0.69400981875 0.56015636875 0.680976165625 0.5758178375 0.6705492484375 0.59397089375 0.6664943296875 0.6231581703125 0.67025959375 0.6480741640625001 0.6789486953125 0.670142565625 0.695747634375 0.6904312703125 0.718049653125 0.6971941796875 0.7307936734375 0.7050249281250001 0.7400620625000001 0.7263814703125 0.753385346875 0.7618960343750001 0.7571506109375 0.789303571875 0.755702428125 0.7974902562499999 0.7513578765625 0.8074566265625001 0.752806059375 0.824541871875 0.75917808125 0.839491440625 0.763754009375 0.8496707375 0.86400440625 0.8450228796875001 0.8712453234374999 0.8215306890624999 0.88543755 0.797326596875 0.8958644453125 0.7855805015625
0 0.19026004218749998 0.7658248109375 0.1818241109375 0.7559084078125 0.1836580125 0.7356248296875 0.195028196875 0.7009173515625 0.20676515625 0.6779293015625 0.22216994531249998 0.6612517062500001 0.2452770890625 0.6499830515625 0.26545000625 0.633305421875 0.27645344375 0.6085143796875 0.27902089375 0.5846248359375 0.2742527390625 0.5647919953125 0.26361610468749996 0.5400009546875 0.25004524375 0.520618871875 0.22106959375000002 0.5120547046875 0.19172716875 0.514759175 0.16972035000000002 0.532789021875 0.15981729218750002 0.55983379375 0.1495474328125 0.5931504953125 0.1381772484375 0.6053206453125 0.13390934375000002 0.6149033390625 0.12801399375 0.6240266171875 0.1121838921875 0.6316740625 0.112948109375 0.6248316093749999 0.115568265625 0.6128908531249999 0.108144490625 0.6028284187499999 0.10192162656249999 0.5994742750000001 0.0953712390625 0.5984009484375 0.0863098671875 0.5961201296875 0.07582459531249999 0.5976579562500001 0.057485579687499996 0.6228997453125 0.0424475921875 0.6697773578125 0.0354787609375 0.6878072046875 0.0369458734375 0.7261206312499999 0.04391471875 0.7288251031249999 0.057485579687499996 0.749108715625 0.0714232421875 0.7937325453125 0.076924946875 0.8248340390625 0.16838010781249999 0.8225012234375001 0.1814573359375 0.7956296703125 0.1924607453125 0.7798535531249999 0.19026004218749998 0.7658248109375