1 0.3344274515625 0.9024745703124999 0.345552159375 0.8972163203125 0.35979535 0.8825100171875 0.0933921671875 0.7475314890625 0.1076546078125 0.798361234375 0.12648104843750002 0.838323921875 0.14815997812499998 0.8586558234374999 0.18324554843750002 0.8758327781249999 0.22574765000000002 0.8975668718750001 0.2562692671875 0.9077328187499999 0.30305007968750003 0.9126405249999999 0.321591253125 0.9101866718749999 0.3344274515625 0.9024745703124999
1 0.9257495625000001 0.8031499906249999 0.92806393125 0.7709159734375 0.663783515625 0.913986953125 0.6711700328125 0.92639771875 0.699713803125 0.9391965156250001 0.7290290421875001 0.9373003984375 0.7776305812500001 0.9391965156250001 0.81504604375 0.92307950625 0.8659619640624999 0.8989039984374999 0.8972058078125 0.8699881749999999 0.91263486875 0.8420204312499999 0.9257495625000001 0.8031499906249999
2 0.6286441515625001 0.26416732187499997 0.622405840625 0.2699752421875 0.619948309375 0.284146565625 0.6171127046875 0.3024996 0.622405840625 0.31272154375 0.6298447140625 0.320309290625 0.649627646875 0.33967029375 0.6689097765625001 0.3508215 0.6859234125 0.3566294203125 0.6872466890625 0.3515184578125 0.686490525 0.3317715265625 0.6796850734375 0.311559959375 0.66834265 0.2920453421875 0.6483043703125 0.27067220000000003 0.6382852234375 0.264399634375 0.6286441515625001 0.26416732187499997
2 0.38161998750000004 0.28016150156249997 0.375124228125 0.29658328125 0.3693708296875 0.31391739375 0.36584457187499997 0.32418101093749996 0.3701132203125 0.3237248578125 0.383682171875 0.319307865625 0.41558351718750003 0.30593458125 0.4343284328125 0.292705921875 0.446020790625 0.282214228125 0.4499182421875 0.27103828750000003 0.44731994999999997 0.25780961874999997 0.43859706562499995 0.2537041828125 0.4237496171875 0.25301993437500003 0.404262340625 0.25758154218749996 0.3914564140625 0.2673890046875 0.38161998750000004 0.28016150156249997
3 0.5330610578125 0.2462293359375 0.5294186515625 0.240793890625 0.521353334375 0.238555765625 0.5093854421875 0.23439926406249997 0.4989785765625 0.23439926406249997 0.48284794218749993 0.223208646875 0.46489609375 0.212018028125 0.45120688593749997 0.20600138281249997 0.45214767812499995 0.3328767015625 0.4622943765625 0.3264820625 0.48284794218749993 0.3223255375 0.506263390625 0.318808490625 0.52421521875 0.3200874234375 0.5294186515625 0.30825733906249997 0.5322805546875 0.2996245734375 0.5317602 0.286835296875 0.5330610578125 0.26381459375 0.5330610578125 0.2462293359375
3 0.53138538125 0.3238391734375 0.55662204375 0.3302338125 0.5821188546875 0.3356692578125 0.6143801421874999 0.3567715625 0.616443315625 0.21678940781249997 0.6081360203124999 0.22152495156250002 0.5875824749999999 0.234314228125 0.5680696000000001 0.2416680484375 0.557662734375 0.243266709375 0.5459550109375 0.24646402812499998 0.5410117453125001 0.26596768437499996 0.5399710546875001 0.29346463906250003 0.53528795625 0.3078525765625 0.53138538125 0.3238391734375
5 0.6908828625 0.3663245921875 0.6842629921875 0.3675761890625 0.680189209375 0.374459928125 0.680189209375 0.3838468609375 0.68528141875 0.4032465328125 0.689355203125 0.4226461828125 0.6916466828125001 0.43328470937499997 0.6952112328125 0.44705221406250006 0.6995396234375 0.45581333593749995 0.7059048859375 0.46551314843749997 0.7158346812499999 0.477090390625 0.7074325453125 0.4605068140625 0.7043772078125 0.4539359546875 0.7010672828125 0.4436103203125 0.698775784375 0.431407328125 0.69750273125 0.41889141875 0.6980119453125 0.396988578125 0.7008126765625 0.37539863125 0.699030390625 0.36945357031250003 0.6908828625 0.3663245921875
4 0.79640916875 0.5032258515625 0.78025115 0.501809303125 0.7696111359375 0.501295359375 0.764535484375 0.5008498171875 0.7587347296875 0.4989191296875 0.750461728125 0.49304816875 0.7405319140625 0.48710312031249997 0.7470123859375 0.4977310140625 0.750154465625 0.501592390625 0.75257144375 0.50426565 0.7568011578125 0.5067903984375 0.76332699375 0.5094636593749999 0.770457075 0.5108002921875 0.7917086234374999 0.513073628125 0.8048685953125 0.5130278078125 0.8105485031249999 0.5121367234374999 0.8135697265624999 0.5085723718749999 0.8144156656250001 0.5053050515625 0.813086328125 0.5005525859375 0.8080411078124999 0.501146846875 0.805472840625 0.5018892187499999 0.79640916875 0.5032258515625
5 0.3619967171875 0.327736646875 0.357130109375 0.3296590171875 0.3536539640625 0.3341445375 0.352784928125 0.34696032187500003 0.3529587328125 0.3672519796875 0.353480159375 0.37942695937500004 0.35191589218749997 0.3903203890625 0.3501778203125 0.40377696875 0.347744515625 0.4170199390625 0.34009700781249996 0.43410764999999996 0.331928059375 0.44628265 0.3388803484375 0.441156334375 0.3458326390625 0.43667080937499997 0.350699246875 0.43004932343749996 0.357825340625 0.4067673125 0.3619967171875 0.3937379359375 0.3640823984375 0.38711644375 0.3666895078125 0.37899978125 0.37433702812499997 0.3563585671875 0.37433702812499997 0.33948444843750003 0.3701656515625 0.33051340625000003 0.3619967171875 0.327736646875
4 0.29042151562499996 0.4597232765625 0.28225258124999997 0.46185924062500006 0.27443125468749996 0.463140825 0.26243853906250003 0.46335441718750003 0.24279834218750002 0.4590824890625 0.2348031984375 0.458868896875 0.2313270546875 0.46378161249999994 0.23167466406249998 0.46976230937499996 0.240365025 0.47083029062500004 0.261569503125 0.47339345 0.27130272031249997 0.4740342375 0.27929784999999996 0.4729662546875 0.29268101562500004 0.470189503125 0.2985904640625 0.467839946875 0.3043260953125 0.463140825 0.309192703125 0.4575873125 0.3151021515625 0.44840267031250003 0.30015471875 0.45438336718750005 0.29042151562499996 0.4597232765625
0 0.11832773593749998 0.356084565625 0.1380230421875 0.3610677640625 0.152504878125 0.3518132609375 0.156559775 0.3375755671875 0.153373796875 0.32974483125 0.15595835 0.32367931875 0.164357840625 0.32510309375 0.18521167656249998 0.331865990625 0.1941904109375 0.3446799234375 0.20143132812500003 0.3631889296875 0.208961878125 0.3767147375 0.21185824531250003 0.3923761859375 0.21417534843750002 0.41515650937500004 0.227498634375 0.4345044953125 0.24487683750000003 0.44589465468749995 0.2602275921875 0.451233790625 0.277026509375 0.45194565625000005 0.28774308125000003 0.44981001562499995 0.30599018125 0.43984363125000003 0.319023834375 0.4241821625 0.3294507515625 0.40602910625 0.3335056703125 0.3768418296875 0.32974040625 0.35192583593750004 0.3210513046875 0.329857434375 0.304252365625 0.3095687296875 0.281950346875 0.30280582031250003 0.2692063265625 0.294975071875 0.2599379375 0.2736185296875 0.24661465312500003 0.238103965625 0.2428493890625 0.21069642812499997 0.244297571875 0.20250974375 0.24864212343749997 0.1925433734375 0.24719394062500002 0.175458128125 0.24082191874999997 0.160508559375 0.23624599062499999 0.1503292625 0.13599559375 0.1549771203125 0.1287546765625 0.17846931093750001 0.11456245000000001 0.202673403125 0.10413555468749999 0.2144194984375 0.0937086140625 0.22331805781249997 0.090812246875 0.26140389375 0.09805316562500001 0.2909471078125 0.10558373750000001 0.32120220312500003 0.11340392031249999 0.34789789375 0.11832773593749998 0.356084565625
0 0.7547229109375 0.35001694843750003 0.73454999375 0.366694578125 0.72354655625 0.3914856203125 0.72097910625 0.41537516406249997 0.7257472609375 0.4352080046875 0.7363838953124999 0.45999904531249997 0.74995475625 0.479381128125 0.77893040625 0.48794529531249997 0.80827283125 0.485240825 0.8302796499999999 0.46721097812499995 0.8401827078125 0.44016620624999997 0.8504525671875 0.40684950468750003 0.8618227515625 0.3946793546875 0.8660906562499999 0.3850966609375 0.87198600625 0.3759733828125 0.8878161078125 0.3683259375 0.887051890625 0.37516839062499996 0.8844317343749999 0.387109146875 0.8918555093749999 0.39717158124999996 0.8980783734375001 0.40052572499999994 0.9046287609375 0.4015990515625 0.9136901328125001 0.4038798703125 0.9241754046875 0.40234204374999993 0.9425144203125001 0.3771002546875 0.9575524078125 0.33022264218749997 0.9645212390625 0.3121927953125 0.9630541265625 0.27387936874999996 0.95608528125 0.27117489687499996 0.9425144203125001 0.250891284375 0.9285767578125 0.2062674546875 0.9230750531249999 0.1751659609375 0.8316198921875 0.1774987765625 0.8185426640625 0.2043703296875 0.8075392546875 0.22014644687499998 0.8097399578125 0.23417518906249998 0.8181758890624999 0.24409159218749998 0.8163419875000001 0.2643751703125 0.804971803125 0.2990826484375 0.79323484375 0.3220706984375 0.7778300546875 0.33874829375000004 0.7547229109375 0.35001694843750003