1 0.035725617187499996 0.303417915625 0.0516413484375 0.3258726703125 0.204040509375 0.07675035625 0.17990344687499998 0.0734503890625 0.1536893015625 0.0780962046875 0.12248197812499999 0.08609729687499999 0.0956436734375 0.10209955781249999 0.0706778140625 0.1353945046875 0.0535137859375 0.15810735468749998 0.0319807328125 0.194757615625 0.030732442187499997 0.24973302656250002 0.035725617187499996 0.303417915625
1 0.119030728125 0.8830761812500001 0.1573712671875 0.9008184609375001 0.180649440625 0.9045934093750001 0.20164545781249998 0.9049708984375 0.2122987109375 0.9007967421874999 0.057412015625 0.6505392984375 0.043262540625 0.6697915640625001 0.028200182812500002 0.7048985765625 0.0268309 0.729058259375 0.034590279687499996 0.7683177390625 0.0364160171875 0.7837950265625 0.046914015625 0.799649803125 0.0674535875 0.8275844343750001 0.090731778125 0.8600489953125001 0.119030728125 0.8830761812500001
2 0.687633334375 0.5625965296875 0.67907291875 0.566931009375 0.6584179640625 0.5985048500000001 0.6466506578125 0.627365725 0.672619878125 0.6223318515625 0.699400625 0.6089081859375 0.7148198421874999 0.594813321875 0.71847176875 0.577698153125 0.7172544656250001 0.56226094375 0.7079217828125 0.5542067390625001 0.6965602390625001 0.553871153125 0.687633334375 0.5625965296875
2 0.6872275546875 0.40721759375 0.700212165625 0.41795651562499997 0.712385234375 0.41795651562499997 0.7152256203125 0.40688203281249996 0.712790996875 0.396478671875 0.7038640921875 0.3934583671875 0.6815467984375 0.3833906171875 0.66125835 0.3739940421875 0.670591034375 0.38909566562500003 0.6872275546875 0.40721759375
3 0.767569825 0.437756453125 0.7825832640625 0.4286954875 0.79029288125 0.427688703125 0.7865725140625 0.4188266140625 0.648273740625 0.42164804375 0.658823728125 0.45252248906250003 0.6628814171874999 0.47567829218749996 0.6807352578125 0.47500711874999996 0.705081396875 0.4803765796875 0.7306448703124999 0.4813833640625 0.7387602484375 0.47433594531249995 0.7476871390625 0.4605766671875 0.7509333171875 0.45118011718749995 0.767569825 0.437756453125
3 0.6580121859375 0.4870884125 0.638129515625 0.5528643671875 0.783530071875 0.550987759375 0.7687871125 0.5374271578125 0.7553967390625 0.524674690625 0.7436294484375 0.5092374546875 0.7379486765625 0.49447144375 0.7326737140625 0.4924578734375 0.71157369375 0.48910195625 0.6925025484375 0.4854104546875 0.679112175 0.4887663703125 0.6580121859375 0.4870884125
0 0.5813675796875 0.091636140625 0.59208183125 0.1037196359375 0.605231140625 0.11338646875 0.598899996875 0.1339284046875 0.5945168890625 0.1444007625 0.567244271875 0.1605120890625 0.5404586515625 0.1637343359375 0.505393815625 0.1891096890625 0.49321853750000005 0.2132766796875 0.4864003765625 0.241068725 0.49419255937499995 0.2648329390625 0.514160025 0.28819434374999997 0.551172884375 0.307125171875 0.5862376921875 0.3111530046875 0.616432396875 0.30752794843750003 0.636886875 0.2942360921875 0.657341353125 0.2773192109375 0.6626984703125001 0.269263546875 0.661237440625 0.25033271875 0.6724386953125 0.2309991453125 0.7016594109375001 0.2088460703125 0.7362371859375 0.1939430734375 0.7698409734375 0.189512465625 0.786399328125 0.1943458828125 0.8068538249999999 0.19152638125000002 0.8292563375 0.183067940625 0.8399882156249999 0.1775816203125 0.8389965625 0.0755248140625 0.7961395546875 0.068274703125 0.7518215328125 0.0561912078125 0.7333151453125 0.041288243749999995 0.72357491875 0.031621471875 0.691919184375 0.031621471875 0.63445181875 0.040885496874999996 0.598899996875 0.052163376562499995 0.582828609375 0.070691428125 0.5813675796875 0.091636140625
0 0.6561869671875 0.7135958171875 0.64437221875 0.6909994609375001 0.6318190625 0.6818387875 0.596374875 0.66779245 0.566099640625 0.66779245 0.535085965625 0.6812280859375 0.5114565 0.6934423171875 0.4989033421875 0.7050458453124999 0.48265812500000005 0.7313064609375 0.4841349421875 0.7600098859375 0.49373443437500003 0.786881203125 0.527701759375 0.8174167796875 0.5579769953125 0.8247453 0.58456015625 0.830852415625 0.5985901328125001 0.84673090625 0.594898028125 0.8571130312499999 0.5867754125 0.8797093390624999 0.5867754125 0.8992521375000001 0.594898028125 0.9090235124999999 0.6067127765625 0.9181841859375 0.64511065625 0.9310091187499999 0.6776011484375 0.939559090625 0.698276921875 0.94322335 0.7196911890625 0.9377269359374999 0.7322442890625 0.92673415625 0.76547321875 0.9065806578125001 0.8119937437500001 0.8931450218749999 0.8592526218750001 0.885205753125 0.854674515625 0.7868262953125 0.8356231828125 0.780163384375 0.8230700531249999 0.7752776734375 0.80608635625 0.7734455203125 0.7964868640625 0.76855985625 0.7854105546875 0.77283481875 0.752920090625 0.776499078125 0.6997537687500001 0.766117 0.6650479921875 0.7435206921875 0.6561869671875 0.7135958171875
4 0.47625168906250004 0.7851600015625 0.47571189374999995 0.7744455875 0.4740925265625 0.750635778125 0.4742724546875 0.7336712875 0.47985028906249994 0.7153675046875 0.4859490328125 0.7006163671875 0.47589182656249995 0.7056947703125 0.4699541375 0.7186413484374999 0.46455623749999997 0.7354570296875 0.46455623749999997 0.7583739625 0.4659956765625 0.7793563640625 0.46617560312500006 0.79200531875 0.4726530890625 0.794683928125 0.47751119375 0.79230294375 0.47625168906250004 0.7851600015625
4 0.47820912968749996 0.220473090625 0.48379523124999996 0.19403648125 0.48253095625000003 0.1896555734375 0.47735584375 0.1888671234375 0.47476828437499996 0.1895429328125 0.4734064125 0.1923587765625 0.4729333640625 0.1953198109375 0.4695196265625 0.215339765625 0.46796793125 0.22996973281250002 0.46856237656250005 0.2394358625 0.4734064125 0.25689792968749997 0.4788539015625 0.267936034375 0.483892828125 0.2759330375 0.490293628125 0.285169003125 0.502725909375 0.2954196234375 0.48865938125 0.269625540625 0.482122396875 0.256785296875 0.4794504796875 0.24511304531250003 0.4788539015625 0.2356101453125 0.47820912968749996 0.220473090625
5 0.648965325 0.6431705953125 0.6508188125000001 0.6373454609375 0.6467411171874999 0.632133490625 0.632283909375 0.6287610515625001 0.6081885734375 0.6306005609375 0.5648169640625 0.6379586234375 0.5307128 0.6453166859375 0.511053103125 0.6630063500000001 0.522557453125 0.65849988125 0.5321955890625001 0.6539010953125 0.5473941859375 0.6474627765625 0.5670411578125 0.6456232671875 0.58928300625 0.6502220515625 0.61152485625 0.6523681671875 0.6270941390625 0.6539010953125 0.6393271671874999 0.6496088906249999 0.648965325 0.6431705953125
5 0.5953851343750001 0.3370552765625 0.5639374546875 0.3370552765625 0.535674346875 0.3284953859375 0.512975440625 0.32118839062500004 0.5344801265625 0.3370552765625 0.5496068640625 0.344956675 0.5715008187499999 0.35219963125 0.5961812796875 0.36075952187500004 0.612900303125 0.364710221875 0.633201965625 0.361747209375 0.6439499093750001 0.35285807343750003 0.6439499093750001 0.3400182875 0.6248424609375001 0.33573834375 0.5953851343750001 0.3370552765625