1 0.913902703125 0.12248197812499999 0.8979004421875001 0.0956436734375 0.8646054953125001 0.0706778140625 0.8418926453125 0.0535137859375 0.8052423843750001 0.0319807328125 0.7502669734375 0.030732442187499997 0.696582084375 0.035725617187499996 0.6741273296875 0.0516413484375 0.92324964375 0.204040509375 0.9265496109375 0.17990344687499998 0.9219037953125 0.1536893015625 0.913902703125 0.12248197812499999
1 0.270941740625 0.0268309 0.2316822609375 0.034590279687499996 0.2162049734375 0.0364160171875 0.20035019687500003 0.046914015625 0.172415565625 0.0674535875 0.1399510046875 0.090731778125 0.11692381874999999 0.119030728125 0.0991815390625 0.1573712671875 0.095406590625 0.180649440625 0.0950291015625 0.20164545781249998 0.0992032578125 0.2122987109375 0.34946070156250003 0.057412015625 0.3302084359375 0.043262540625 0.2951014234375 0.028200182812500002 0.270941740625 0.0268309
2 0.39109181406250004 0.699400625 0.40518667812500003 0.7148198421874999 0.42230184687500005 0.71847176875 0.43773905625 0.7172544656250001 0.4457932609375 0.7079217828125 0.44612884687500004 0.6965602390625001 0.4374034703125 0.687633334375 0.433068990625 0.67907291875 0.40149514999999997 0.6584179640625 0.372634275 0.6466506578125 0.3776681484375 0.672619878125 0.39109181406250004 0.699400625
2 0.5931179671875 0.7152256203125 0.603521328125 0.712790996875 0.6065416328125 0.7038640921875 0.6166093828125 0.6815467984375 0.6260059578125 0.66125835 0.610904334375 0.670591034375 0.59278240625 0.6872275546875 0.582043484375 0.700212165625 0.582043484375 0.712385234375 0.5931179671875 0.7152256203125
3 0.52499288125 0.6807352578125 0.5196234203125 0.705081396875 0.5186166359375 0.7306448703124999 0.5256640546875 0.7387602484375 0.5394233328125 0.7476871390625 0.5488198828125 0.7509333171875 0.562243546875 0.767569825 0.5713045125 0.7825832640625 0.5723112968749999 0.79029288125 0.5811733859375 0.7865725140625 0.57835195625 0.648273740625 0.5474775109375 0.658823728125 0.5243217078125 0.6628814171874999 0.52499288125 0.6807352578125
3 0.4907625453125 0.7436294484375 0.50552855625 0.7379486765625 0.5075421265625 0.7326737140625 0.5108980437499999 0.71157369375 0.5145895453125 0.6925025484375 0.5112336296875 0.679112175 0.5129115875 0.6580121859375 0.4471356328125 0.638129515625 0.449012240625 0.783530071875 0.46257284218750006 0.7687871125 0.47532530937499995 0.7553967390625 0.4907625453125 0.7436294484375
0 0.9587117562499999 0.7333151453125 0.9683785281249999 0.72357491875 0.9683785281249999 0.691919184375 0.9591145031250001 0.63445181875 0.9478366234375001 0.598899996875 0.9293085718749999 0.582828609375 0.9083638593750001 0.5813675796875 0.8962803640624999 0.59208183125 0.8866135312500001 0.605231140625 0.8660715953125001 0.598899996875 0.8555992375000001 0.5945168890625 0.8394879109375 0.567244271875 0.8362656640624999 0.5404586515625 0.8108903109375 0.505393815625 0.7867233203125 0.49321853750000005 0.758931275 0.4864003765625 0.7351670609375 0.49419255937499995 0.7118056562499999 0.514160025 0.692874828125 0.551172884375 0.6888469953125 0.5862376921875 0.6924720515625 0.616432396875 0.7057639078125 0.636886875 0.7226807890625 0.657341353125 0.730736453125 0.6626984703125001 0.74966728125 0.661237440625 0.7690008546875 0.6724386953125 0.7911539296875 0.7016594109375001 0.8060569265625 0.7362371859375 0.8104875343750001 0.7698409734375 0.8056541171875 0.786399328125 0.8084736187500001 0.8068538249999999 0.8169320593749999 0.8292563375 0.8224183796875 0.8399882156249999 0.9244751859375 0.8389965625 0.9317252968749999 0.7961395546875 0.9438087921875 0.7518215328125 0.9587117562499999 0.7333151453125
0 0.2265544796875 0.80608635625 0.23144014375 0.7964868640625 0.22716518125000001 0.7854105546875 0.223500921875 0.752920090625 0.233883 0.6997537687500001 0.2564793078125 0.6650479921875 0.2864041828125 0.6561869671875 0.3090005390625 0.64437221875 0.3181612125 0.6318190625 0.33220755 0.596374875 0.33220755 0.566099640625 0.3187719140625 0.535085965625 0.3065576828125 0.5114565 0.29495415468749997 0.4989033421875 0.2686935390625 0.48265812500000005 0.23999011406249998 0.4841349421875 0.213118796875 0.49373443437500003 0.18258322031250002 0.527701759375 0.1752547 0.5579769953125 0.169147584375 0.58456015625 0.15326909375 0.5985901328125001 0.14288696875 0.594898028125 0.1202906609375 0.5867754125 0.10074786250000001 0.5867754125 0.09097648750000001 0.594898028125 0.0818158140625 0.6067127765625 0.06899088125 0.64511065625 0.060440909375 0.6776011484375 0.05677665 0.698276921875 0.06227306406250001 0.7196911890625 0.07326584375 0.7322442890625 0.0934193421875 0.76547321875 0.106854978125 0.8119937437500001 0.11479424687499999 0.8592526218750001 0.21317370468750002 0.854674515625 0.219836615625 0.8356231828125 0.22472232656250002 0.8230700531249999 0.2265544796875 0.80608635625
4 0.2645429703125 0.46455623749999997 0.24162603749999997 0.46455623749999997 0.2206436359375 0.4659956765625 0.20799468124999998 0.46617560312500006 0.205316071875 0.4726530890625 0.20769705625 0.47751119375 0.2148399984375 0.47625168906250004 0.22555441250000002 0.47571189374999995 0.249364221875 0.4740925265625 0.2663287125 0.4742724546875 0.2846324953125 0.47985028906249994 0.2993836328125 0.4859490328125 0.2943052296875 0.47589182656249995 0.2813586515625 0.4699541375 0.2645429703125 0.46455623749999997
4 0.714830996875 0.490293628125 0.7045803765625 0.502725909375 0.730374459375 0.48865938125 0.743214703125 0.482122396875 0.7548869546875 0.4794504796875 0.7643898546875 0.4788539015625 0.779526909375 0.47820912968749996 0.8059635187499999 0.48379523124999996 0.8103444265625 0.48253095625000003 0.8111328765625 0.47735584375 0.8104570671875001 0.47476828437499996 0.8076412234375001 0.4734064125 0.8046801890624999 0.4729333640625 0.784660234375 0.4695196265625 0.7700302671875 0.46796793125 0.7605641375000001 0.46856237656250005 0.7431020703125 0.4734064125 0.732063965625 0.4788539015625 0.7240669625 0.483892828125 0.714830996875 0.490293628125
5 0.3525372234375 0.5473941859375 0.3543767328125 0.5670411578125 0.3497779484375 0.58928300625 0.3476318328125 0.61152485625 0.3460989046875 0.6270941390625 0.350391109375 0.6393271671874999 0.3568294046875 0.648965325 0.3626545390625 0.6508188125000001 0.367866509375 0.6467411171874999 0.3712389484375 0.632283909375 0.3693994390625 0.6081885734375 0.3620413765625 0.5648169640625 0.3546833140625 0.5307128 0.33699365000000003 0.511053103125 0.34150011875 0.522557453125 0.3460989046875 0.5321955890625001 0.3525372234375 0.5473941859375
5 0.639240478125 0.5961812796875 0.635289778125 0.612900303125 0.638252790625 0.633201965625 0.6471419265625 0.6439499093750001 0.6599817125 0.6439499093750001 0.66426165625 0.6248424609375001 0.6629447234375 0.5953851343750001 0.6629447234375 0.5639374546875 0.6715046140625 0.535674346875 0.6788116093750001 0.512975440625 0.6629447234375 0.5344801265625 0.6550433250000001 0.5496068640625 0.64780036875 0.5715008187499999 0.639240478125 0.5961812796875