1 0.6211498015625 0.046435500000000005 0.8750450703125001 0.137825034375 0.871278078125 0.1131643578125 0.8618605984375 0.0885036984375 0.8482994609375 0.068678446875 0.8185401890625 0.0406329875 0.7601518125 0.012587526562500001 0.7047770421874999 0.0024331343750000002 0.6686139234375 0.007752103125 0.6422449796875 0.028544425000000002 0.6211498015625 0.046435500000000005
1 0.091342975 0.08561161875 0.0766517296875 0.11414063125 0.07326143125 0.142186090625 0.074033675 0.163272146875 0.3113353171875 0.060467425 0.3038013328125 0.0464446859375 0.2842129859375 0.032421946875 0.2616110328125 0.0217840375 0.23298190000000002 0.015014426562499999 0.1934284828125 0.0179156828125 0.1663061234375 0.0290371734375 0.13504010625 0.045477596875 0.1109313515625 0.064819296875 0.091342975 0.08561161875
2 0.41147549687499996 0.7243635609375 0.4111307984375 0.70799335625 0.406441721875 0.689020565625 0.390450175 0.6880836515625 0.3756290765625 0.671271015625 0.3532250671875 0.6473793640625 0.35184635468750003 0.6509188640625 0.3594292390625 0.6894109953124999 0.37080359218750003 0.7186118546875 0.3801098625 0.731442578125 0.3880374453125 0.7332123015625001 0.4045819546875 0.73011525 0.41147549687499996 0.7243635609375
2 0.61340525 0.61537931875 0.60338775625 0.6229432734375 0.57186220625 0.64790431875 0.55595210625 0.6830767078125 0.5524165375 0.7061467796875001 0.5568360078125 0.7178709328124999 0.5812904015625 0.726947640625 0.5945488140624999 0.7208964828125 0.6051555625 0.7023648015624999 0.6104589359375 0.670596184375 0.6136998546875 0.6509298984375 0.61340525 0.61537931875
3 0.47725700625 0.6590719015625 0.471681046875 0.6482483765625 0.4663289625 0.6419278890625 0.45883604375000003 0.638630240625 0.4398139453125 0.636705940625 0.4162334484375 0.6287373046875 0.413981109375 0.7987712796875 0.43721889375 0.7923158984375 0.45464287031249995 0.7599566640625001 0.4687303625 0.7423493984375 0.47553455468749994 0.7317887734374999 0.4774612921875 0.7229950359374999 0.47574863437500003 0.707056434375 0.47446413749999994 0.6938658281250001 0.47317962343750003 0.679576025 0.47725700625 0.6590719015625
3 0.48806204218750004 0.7013046968750001 0.4855867375 0.7233194703125 0.4894765125 0.7323977265625 0.49796331406250005 0.7398872953125 0.5103398921875 0.7546394624999999 0.5248381640625001 0.7691646765625 0.53191049375 0.7825550906250001 0.5428726015625001 0.790044659375 0.5517775546875 0.7924868828125 0.5495913203125 0.602805615625 0.5342090078124999 0.6123377859375 0.5135224328125 0.6193734359375 0.49248224843750005 0.6300403890624999 0.48240418281249997 0.6336716874999999 0.4802824890625 0.643430815625 0.486647584375 0.6581829781249999 0.4882388609375 0.6756586234374999 0.48611715312500003 0.6867794921875 0.48806204218750004 0.7013046968750001
4 0.7591236171875 0.453032615625 0.7558442296875 0.44741990625000005 0.7473724421875 0.44426275468750004 0.71676474375 0.4393516359375 0.691896003125 0.4463675203125 0.6683936765625 0.46811676249999995 0.663201296875 0.48495488125 0.6858837875 0.46531040625 0.716491465625 0.45338340468749994 0.745732728125 0.46039928906250005 0.7555709296875001 0.46110087968749996 0.7599434734375 0.45618976250000004 0.7591236171875 0.453032615625
4 0.21542699999999998 0.484172859375 0.22813280468750002 0.4799222046875 0.24166215468750002 0.480314115625 0.257512571875 0.48347126874999996 0.273089690625 0.49048715156249995 0.2829278703125 0.4968014453125 0.2678603828125 0.477127928125 0.252803821875 0.4685122546875 0.2321237109375 0.46641654531250004 0.2110807984375 0.46921082187499996 0.200559334375 0.47433366093749996 0.19421017812500002 0.4789907859375 0.1905582578125 0.484172859375 0.19110481562499998 0.4915395328125 0.1941109234375 0.49399509375 0.206364271875 0.48783932031250005 0.21542699999999998 0.484172859375
5 0.3502602140625 0.642611628125 0.3513170296875 0.630402596875 0.34962611875 0.6073410906250001 0.3441306859375 0.5831943453124999 0.33821251874999997 0.554706603125 0.33164463906249997 0.531720125 0.328417853125 0.5243714109375001 0.32362848906249997 0.5172655671874999 0.3158080515625 0.51211064375 0.30122400625 0.50559915625 0.320035309375 0.525404921875 0.3278557484375 0.5481951140625 0.3297580015625 0.566915634375 0.329123921875 0.59757386875 0.32637619687499997 0.6162943796875 0.32447392812500003 0.6274181703124999 0.32996937656249997 0.63637146875 0.33821251874999997 0.640441146875 0.344976140625 0.6434255734375001 0.3502602140625 0.642611628125
5 0.6187619703125 0.6153223109375 0.6265817124999999 0.6163901484375 0.632904065625 0.6140409109375 0.6377290062500001 0.61041025625 0.63789539375 0.6005861640625 0.6359355484375 0.5920011281249999 0.6306379828125 0.5616005609375 0.6306379828125 0.5332000156250001 0.633754203125 0.512399634375 0.63806176875 0.5008502359375 0.644217734375 0.48931759843749995 0.6377290062500001 0.4938025125 0.6294101249999999 0.5068301281250001 0.620758496875 0.5422822921875 0.6194274703125 0.5555234671875 0.6179300828125001 0.5689782218749999 0.61593354375 0.5777344609374999 0.6146025296875 0.58926710625 0.6129387546875 0.6020811453125 0.6149352796875001 0.612332365625 0.6187619703125 0.6153223109375
0 0.2431551125 0.677901121875 0.25891951562500004 0.6548418640625 0.267351659375 0.6529594671875001 0.286782234375 0.6454299171875 0.30034695624999996 0.6181352765625 0.3091457078125 0.5955465890625 0.308779071875 0.5710755515625 0.2996137390625 0.5343689453125 0.282749453125 0.5089566828125001 0.2519538640625 0.49342697500000005 0.2262908546875 0.49342697500000005 0.2013610640625 0.506603696875 0.184863415625 0.5235452015625001 0.1760646625 0.5428397125 0.17863098125000001 0.5574282125 0.1753314453125 0.5696637453125 0.1676325484375 0.5880170390624999 0.161033478125 0.5955465890625 0.14123629375 0.6016643687500001 0.13133771562500002 0.6049585359375 0.1273049625 0.590840615625 0.12033928281249999 0.5818992781250001 0.10640792343750001 0.5814286703125 0.089543665625 0.576722696875 0.082211378125 0.5823698687500001 0.06754680156250001 0.6002525624999999 0.061680962500000006 0.633664984375 0.05508190625 0.6547908375 0.051049153125 0.675026528125 0.0503159203125 0.708438940625 0.0572816 0.7225568515624999 0.0679134109375 0.7394983671875 0.0811115234375 0.7813815187500001 0.0946762734375 0.83738264375 0.205888165625 0.8352011875 0.21455917656249998 0.8251980828125 0.2248243921875 0.804021203125 0.231423434375 0.7917856796875 0.22995700000000002 0.7771971703125 0.22299132031250002 0.76449105625 0.21822532187500002 0.7536673031250001 0.2207916390625 0.73154924375 0.2303236078125 0.704254584375 0.2431551125 0.677901121875
0 0.875456015625 0.5334657593750001 0.8638674734375 0.5309260578125 0.8483218921875 0.53854515625 0.8384292484375001 0.550880834375 0.8392771984375 0.5646677765625 0.8381466281250001 0.56684465625 0.8155348515625 0.5646677765625 0.7949016375 0.553783353125 0.777660178125 0.5367310843750001 0.7768122281250001 0.509363915625 0.7629625234375 0.48977195937499995 0.744873115625 0.47525938749999996 0.7233919515625 0.46764029531249995 0.7024760750000001 0.46909155 0.688061084375 0.4745337625 0.670254340625 0.4879578890625 0.6541434515625 0.5162573890625 0.6476425734375 0.55906945625 0.6515996359375 0.5851921046874999 0.660644340625 0.605509678125 0.6747766875 0.6232875765625 0.68947431875 0.6334463546875 0.701345503125 0.6338091640625 0.71886960625 0.6457820421875 0.736676371875 0.66863934375 0.751374003125 0.6997261109374999 0.7564616578125001 0.72875125625 0.7496781265625 0.744715084375 0.748547534375 0.7545110546875 0.7502434109375 0.7679351671875 0.7601360546875 0.783173378125 0.772178303125 0.7957982046875001 0.8839354234375 0.79204274375 0.8881751281250001 0.7506818984375 0.899198340625 0.710046725 0.909938934375 0.6821100265625 0.9167224859375 0.6708627921875 0.9198315765625 0.6320416765625 0.9175703921875 0.6194527140625 0.9017421890625 0.5802687890625 0.8893056984375001 0.5454386234374999 0.875456015625 0.5334657593750001