1 0.046435500000000005 0.3788501984375 0.137825034375 0.1249549296875 0.1131643578125 0.128721921875 0.0885036984375 0.13813940156249999 0.068678446875 0.1517005390625 0.0406329875 0.18145981093750002 0.012587526562500001 0.23984818749999998 0.0024331343750000002 0.29522295781249996 0.007752103125 0.33138607656249996 0.028544425000000002 0.3577550203125 0.046435500000000005 0.3788501984375
1 0.08561161875 0.9086570249999999 0.11414063125 0.9233482703125 0.142186090625 0.9267385687499999 0.163272146875 0.9259663249999999 0.060467425 0.6886646828125 0.0464446859375 0.6961986671875 0.032421946875 0.7157870140625 0.0217840375 0.7383889671875 0.015014426562499999 0.7670181 0.0179156828125 0.8065715171875001 0.0290371734375 0.8336938765624999 0.045477596875 0.86495989375 0.064819296875 0.8890686484374999 0.08561161875 0.9086570249999999
2 0.7243635609375 0.588524503125 0.70799335625 0.5888692015625 0.689020565625 0.593558278125 0.6880836515625 0.609549825 0.671271015625 0.6243709234375 0.6473793640625 0.6467749328125 0.6509188640625 0.6481536453125 0.6894109953124999 0.6405707609375 0.7186118546875 0.6291964078125 0.731442578125 0.6198901375 0.7332123015625001 0.6119625546874999 0.73011525 0.5954180453125 0.7243635609375 0.588524503125
2 0.61537931875 0.38659475 0.6229432734375 0.39661224375000004 0.64790431875 0.42813779375000005 0.6830767078125 0.44404789375 0.7061467796875001 0.44758346250000003 0.7178709328124999 0.4431639921875 0.726947640625 0.41870959843750005 0.7208964828125 0.4054511859375 0.7023648015624999 0.3948444375 0.670596184375 0.3895410640625 0.6509298984375 0.3863001453125 0.61537931875 0.38659475
3 0.6590719015625 0.52274299375 0.6482483765625 0.528318953125 0.6419278890625 0.5336710375 0.638630240625 0.5411639562499999 0.636705940625 0.5601860546874999 0.6287373046875 0.5837665515625 0.7987712796875 0.586018890625 0.7923158984375 0.56278110625 0.7599566640625001 0.5453571296875 0.7423493984375 0.5312696375 0.7317887734374999 0.5244654453125001 0.7229950359374999 0.5225387078125 0.707056434375 0.524251365625 0.6938658281250001 0.5255358625000001 0.679576025 0.5268203765624999 0.6590719015625 0.52274299375
3 0.7013046968750001 0.5119379578125 0.7233194703125 0.5144132625 0.7323977265625 0.5105234875 0.7398872953125 0.5020366859375 0.7546394624999999 0.4896601078125 0.7691646765625 0.47516183593749994 0.7825550906250001 0.46808950625 0.790044659375 0.4571273984375 0.7924868828125 0.4482224453125 0.602805615625 0.4504086796875 0.6123377859375 0.46579099218750003 0.6193734359375 0.4864775671875 0.6300403890624999 0.5075177515625 0.6336716874999999 0.5175958171875 0.643430815625 0.5197175109375001 0.6581829781249999 0.513352415625 0.6756586234374999 0.5117611390625 0.6867794921875 0.513882846875 0.7013046968750001 0.5119379578125
4 0.453032615625 0.2408763828125 0.44741990625000005 0.2441557703125 0.44426275468750004 0.2526275578125 0.4393516359375 0.28323525625 0.4463675203125 0.308103996875 0.46811676249999995 0.3316063234375 0.48495488125 0.33679870312500004 0.46531040625 0.3141162125 0.45338340468749994 0.283508534375 0.46039928906250005 0.254267271875 0.46110087968749996 0.2444290703125 0.45618976250000004 0.2400565265625 0.453032615625 0.2408763828125
4 0.484172859375 0.784573 0.4799222046875 0.7718671953125 0.480314115625 0.7583378453125 0.48347126874999996 0.742487428125 0.49048715156249995 0.726910309375 0.4968014453125 0.7170721296875 0.477127928125 0.7321396171875 0.4685122546875 0.747196178125 0.46641654531250004 0.7678762890625 0.46921082187499996 0.7889192015625001 0.47433366093749996 0.7994406656249999 0.4789907859375 0.8057898218749999 0.484172859375 0.8094417421875001 0.4915395328125 0.808895184375 0.49399509375 0.8058890765625 0.48783932031250005 0.793635728125 0.484172859375 0.784573
5 0.642611628125 0.6497397859375 0.630402596875 0.6486829703125 0.6073410906250001 0.65037388125 0.5831943453124999 0.6558693140625 0.554706603125 0.66178748125 0.531720125 0.6683553609375 0.5243714109375001 0.671582146875 0.5172655671874999 0.6763715109375 0.51211064375 0.6841919484375001 0.50559915625 0.69877599375 0.525404921875 0.679964690625 0.5481951140625 0.6721442515625 0.566915634375 0.6702419984375 0.59757386875 0.6708760781249999 0.6162943796875 0.673623803125 0.6274181703124999 0.675526071875 0.63637146875 0.6700306234375 0.640441146875 0.66178748125 0.6434255734375001 0.655023859375 0.642611628125 0.6497397859375
5 0.6153223109375 0.3812380296875 0.6163901484375 0.3734182875 0.6140409109375 0.367095934375 0.61041025625 0.36227099375 0.6005861640625 0.36210460625 0.5920011281249999 0.3640644515625 0.5616005609375 0.3693620171875 0.5332000156250001 0.3693620171875 0.512399634375 0.36624579687500003 0.5008502359375 0.36193823125 0.48931759843749995 0.355782265625 0.4938025125 0.36227099375 0.5068301281250001 0.37058987499999996 0.5422822921875 0.379241503125 0.5555234671875 0.3805725296875 0.5689782218749999 0.3820699171875 0.5777344609374999 0.38406645625 0.58926710625 0.3853974703125 0.6020811453125 0.3870612453125 0.612332365625 0.3850647203125 0.6153223109375 0.3812380296875
0 0.677901121875 0.7568448875 0.6548418640625 0.7410804843750001 0.6529594671875001 0.7326483406250001 0.6454299171875 0.7132177656249999 0.6181352765625 0.6996530437499999 0.5955465890625 0.6908542921875 0.5710755515625 0.691220928125 0.5343689453125 0.7003862609375 0.5089566828125001 0.717250546875 0.49342697500000005 0.7480461359375 0.49342697500000005 0.7737091453125 0.506603696875 0.7986389359375 0.5235452015625001 0.815136584375 0.5428397125 0.8239353375 0.5574282125 0.8213690187499999 0.5696637453125 0.8246685546875 0.5880170390624999 0.8323674515624999 0.5955465890625 0.838966521875 0.6016643687500001 0.8587637062500001 0.6049585359375 0.8686622843749999 0.590840615625 0.8726950375 0.5818992781250001 0.8796607171874999 0.5814286703125 0.8935920765625 0.576722696875 0.910456334375 0.5823698687500001 0.917788621875 0.6002525624999999 0.9324531984375 0.633664984375 0.9383190375 0.6547908375 0.9449180937499999 0.675026528125 0.948950846875 0.708438940625 0.9496840796875 0.7225568515624999 0.9427184000000001 0.7394983671875 0.9320865890625001 0.7813815187500001 0.9188884765625 0.83738264375 0.9053237265625 0.8352011875 0.794111834375 0.8251980828125 0.7854408234375 0.804021203125 0.7751756078125001 0.7917856796875 0.768576565625 0.7771971703125 0.770043 0.76449105625 0.7770086796875 0.7536673031250001 0.781774678125 0.73154924375 0.7792083609375 0.704254584375 0.7696763921875001 0.677901121875 0.7568448875
0 0.5334657593750001 0.124543984375 0.5309260578125 0.1361325265625 0.53854515625 0.1516781078125 0.550880834375 0.1615707515625 0.5646677765625 0.16072280156250002 0.56684465625 0.16185337187499999 0.5646677765625 0.1844651484375 0.553783353125 0.20509836250000002 0.5367310843750001 0.22233982187499998 0.509363915625 0.223187771875 0.48977195937499995 0.2370374765625 0.47525938749999996 0.255126884375 0.46764029531249995 0.27660804843750003 0.46909155 0.297523925 0.4745337625 0.311938915625 0.4879578890625 0.329745659375 0.5162573890625 0.3458565484375 0.55906945625 0.3523574265625 0.5851921046874999 0.3484003640625 0.605509678125 0.339355659375 0.6232875765625 0.32522331250000003 0.6334463546875 0.31052568125 0.6338091640625 0.298654496875 0.6457820421875 0.28113039375 0.66863934375 0.263323628125 0.6997261109374999 0.24862599687500003 0.72875125625 0.2435383421875 0.744715084375 0.2503218734375 0.7545110546875 0.251452465625 0.7679351671875 0.24975658906249998 0.783173378125 0.2398639453125 0.7957982046875001 0.22782169687499998 0.79204274375 0.1160645765625 0.7506818984375 0.11182487187500001 0.710046725 0.100801659375 0.6821100265625 0.090061065625 0.6708627921875 0.0832775140625 0.6320416765625 0.0801684234375 0.6194527140625 0.0824296078125 0.5802687890625 0.0982578109375 0.5454386234374999 0.1106943015625 0.5334657593750001 0.124543984375