1 0.2478004875 0.20620902187499998 0.18670071093750001 0.2230455578125 0.15615078124999998 0.24748568437500001 0.143603528125 0.27246891875 0.1447268703125 0.28722931093750004 0.36127154687499996 0.22250244062500002 0.33290376093749996 0.212183278125 0.2827146625 0.20566590625 0.2478004875 0.20620902187499998
1 0.8808657015625 0.22900980624999998 0.8490892875 0.21028675937500002 0.8023973265625 0.1999567984375 0.7537598984375 0.19608308593749998 0.721983434375 0.1999567984375 0.6817764640624999 0.21028675937500002 0.912265346875 0.29706707187500003 0.910048159375 0.274203375 0.8957812 0.249024103125 0.8808657015625 0.22900980624999998
2 0.6013835125 0.7009134015625 0.6170570375 0.708847646875 0.6353871140625 0.709641059375 0.6454819453125 0.695359434375 0.6550454578125 0.6747303890625 0.660358521875 0.6585974171875 0.6598272234375 0.645373675 0.656108075 0.6347946828125 0.647039446875 0.63893 0.6112126734375 0.6585974171875 0.5888977984375 0.6728790828125 0.589163446875 0.6879541312499999 0.6013835125 0.7009134015625
2 0.41526013281249996 0.7150309 0.43785480000000004 0.7086436015625 0.4504073953125 0.7000345984375 0.45291791875 0.68892623125 0.44901266250000005 0.678651 0.44008635937499996 0.6680980515625 0.42613903124999997 0.661155321875 0.40298647968749995 0.65449031875 0.38764441875 0.649491534375 0.3801975375 0.6511207421874999 0.3795549640625 0.6739299515625 0.3918286171875 0.6983683484375 0.399918071875 0.7122538078125 0.41526013281249996 0.7150309
3 0.490854646875 0.7241953125 0.509823 0.7111429671875 0.5156808953125 0.700312325 0.514844046875 0.6775401578125 0.5156808953125 0.6572674109375 0.5134493140624999 0.643104225 0.501454603125 0.6311627203125 0.47746520312499996 0.62866334375 0.453475803125 0.6236645796875 0.4551768734375 0.7555804703125 0.46658628281250003 0.74780059375 0.4766283765625 0.733915134375 0.490854646875 0.7241953125
3 0.5223755953125 0.6428265093750001 0.5215387687499999 0.6636546984375 0.5246071765625 0.6908702078125 0.5268387578125 0.7050333734375 0.5382755625 0.714475490625 0.5541755078125 0.72363988125 0.5653333703125 0.7305826109375 0.572307034375 0.7400247281250001 0.587698490625 0.7528041328125 0.5862543625 0.6158887140625 0.5703544171875 0.622276034375 0.5463649953124999 0.6331066875 0.5223755953125 0.6428265093750001
4 0.3283099140625 0.5566517734375 0.3297980796875 0.5557628375 0.3250359546875 0.546280825 0.3137258890625 0.53472463125 0.298248978125 0.525835246875 0.27681938281249996 0.5190200421875 0.25925905 0.515167978125 0.2458655609375 0.5136864140624999 0.23961524843749998 0.5205016078125 0.240210528125 0.5255389265625 0.24735372656250001 0.527909428125 0.25985430625 0.527909428125 0.27681938281249996 0.527909428125 0.291803259375 0.5307003578125 0.30807085624999997 0.537687759375 0.318785665625 0.5471697609375 0.3283099140625 0.5566517734375
5 0.3703841546875 0.6471379765624999 0.379012878125 0.6435760890625 0.38364292031249997 0.6330999296875001 0.3821697296875 0.6161285546874999 0.37522465 0.590985746875 0.3649122671875 0.5763191234375 0.3569149203125 0.5660525 0.3434456859375 0.5532715890625 0.3497593875 0.5715001078124999 0.355231259375 0.5878428984374999 0.3556521828125 0.6004142906250001 0.3531266921875 0.6186428265624999 0.3554417140625 0.63351896875 0.3615449625 0.64273799375 0.3703841546875 0.6471379765624999
4 0.767904696875 0.5008972984375 0.7562318234375 0.5055457359375 0.7425356484375001 0.51034911875 0.7363101171875 0.511898596875 0.72572671875 0.51623714375 0.7176335203125 0.521815265625 0.7067388390625 0.528168128125 0.69942384375 0.5329715171875 0.6958441578125 0.5399441734375 0.7000463984375 0.5431980765625 0.7040929921875 0.54180355 0.7132756546875 0.5346759421875 0.7152989453124999 0.5331264625000001 0.72339214375 0.5289428671875 0.7339755421875 0.5236746421875 0.7425356484375001 0.51918115 0.7559205515625 0.5157722953125 0.7668152328125 0.5140678703125 0.779421921875 0.51499755625 0.787982028125 0.517631671875 0.795297046875 0.5184064109375 0.798876709375 0.5157722953125 0.7985654375 0.510194171875 0.7949857515625001 0.5032215156250001 0.789061540625 0.498254709375 0.7814452234375 0.49826318125 0.7769317234375 0.499037921875 0.767904696875 0.5008972984375
5 0.6612175671875 0.59422679375 0.65896516875 0.612338509375 0.658618653125 0.62268805625 0.6594849578125 0.631657659375 0.663989740625 0.63407255625 0.6728260500000001 0.6328651140625 0.6776773640625 0.62493045 0.6781971390625 0.6126834890625 0.6783704109375 0.5969866781250001 0.6762912703125 0.583014784375 0.6761180125 0.567145484375 0.6854741093750001 0.5469638609375 0.672999309375 0.560418275 0.666761915625 0.57007785 0.662950178125 0.58008241875 0.6612175671875 0.59422679375
0 0.9534187031249999 0.7002482640625 0.9600360796875 0.6611316515625 0.9468012625 0.6306618703125 0.9352208046875001 0.608015409375 0.906683196875 0.588251221875 0.8905532421875 0.5861924515625 0.8744232859375 0.5870159625 0.859534109375 0.594427528125 0.8525031171874999 0.5997803328125 0.8413362109375001 0.5981333125 0.833478025 0.582898425 0.8152801593750001 0.5419713671874999 0.789224075 0.52797173125 0.763167990625 0.5217954234375 0.7395934625 0.5259129625 0.7106422718750001 0.5477359109375 0.699475396875 0.5732646515625001 0.6936851515625 0.5983816281250001 0.70940149375 0.6383217515624999 0.7346304140625 0.6547919046875 0.7635816046875 0.6601447171875 0.7838474125 0.6873204625 0.7995637859375 0.720672515625 0.7983230078125 0.7539725374999999 0.7925327953125 0.7762072343749999 0.7966686796875 0.7984419468749999 0.8139737640625 0.8100086953125001 0.9050288359374999 0.8077160203125 0.9137141874999999 0.7636583578125 0.9298441437499999 0.7237182343749999 0.9534187031249999 0.7002482640625
0 0.2302779234375 0.7661315859375 0.2266351234375 0.7573239890625 0.229237134375 0.74281736875 0.2396451765625 0.7044784468749999 0.2646244953125 0.6759832921875 0.281277346875 0.6645852265625 0.30365465468749997 0.661476653125 0.3156238796875 0.6500786078125 0.332797165625 0.6324634140625001 0.3348787828125 0.601377790625 0.33071554999999997 0.57391881875 0.31198108125 0.5500865171875 0.28023655937499997 0.5371341734375 0.24849199687499998 0.5371341734375 0.2203903140625 0.5516407937500001 0.20633943281249997 0.5640750406249999 0.1990537953125 0.5946425671875 0.1860437421875 0.6132939421875 0.17251329375 0.6184748796874999 0.16418686875 0.609149196875 0.13868715625 0.6003415999999999 0.1194322921875 0.6003415999999999 0.10225900624999999 0.6164025171875 0.0819633359375 0.6480062249999999 0.07259608125 0.6785737609375 0.084565346875 0.7081050859375 0.096534590625 0.7277926625 0.114748665625 0.769758284375 0.1235954859375 0.8117238468749999 0.227193234375 0.8048991187500001 0.23131875000000002 0.7894458015625 0.23496155000000002 0.781674396875 0.2302779234375 0.7661315859375