1 0.212183278125 0.6670962390625 0.20566590625 0.7172853375 0.20620902187499998 0.7521995125000001 0.2230455578125 0.8132992890624999 0.24748568437500001 0.84384921875 0.27246891875 0.856396471875 0.28722931093750004 0.8552731296875 0.22250244062500002 0.6387284531249999 0.212183278125 0.6670962390625
1 0.29706707187500003 0.08773465312499999 0.274203375 0.089951840625 0.249024103125 0.10421879999999999 0.22900980624999998 0.11913429843750001 0.21028675937500002 0.15091071250000002 0.1999567984375 0.1976026734375 0.19608308593749998 0.24624010156249998 0.1999567984375 0.278016565625 0.21028675937500002 0.31822353593749997 0.29706707187500003 0.08773465312499999
2 0.645373675 0.3401727765625 0.6347946828125 0.343891925 0.63893 0.352960553125 0.6585974171875 0.38878732656250004 0.6728790828125 0.4111022015625 0.6879541312499999 0.41083655312499995 0.7009134015625 0.3986164875 0.708847646875 0.3829429625 0.709641059375 0.3646128859375 0.695359434375 0.35451805468750003 0.6747303890625 0.3449545421875 0.6585974171875 0.339641478125 0.645373675 0.3401727765625
2 0.661155321875 0.57386096875 0.65449031875 0.5970135203125 0.649491534375 0.61235558125 0.6511207421874999 0.6198024625 0.6739299515625 0.6204450359375 0.6983683484375 0.6081713828125 0.7122538078125 0.600081928125 0.7150309 0.5847398671875 0.7086436015625 0.5621452 0.7000345984375 0.5495926046874999 0.68892623125 0.54708208125 0.678651 0.5509873375 0.6680980515625 0.559913640625 0.661155321875 0.57386096875
3 0.6311627203125 0.498545396875 0.62866334375 0.522534796875 0.6236645796875 0.546524196875 0.7555804703125 0.5448231265625 0.74780059375 0.5334137171875 0.733915134375 0.5233716234375 0.7241953125 0.509145353125 0.7111429671875 0.490177 0.700312325 0.4843191046875 0.6775401578125 0.48515595312500004 0.6572674109375 0.4843191046875 0.643104225 0.48655068593750006 0.6311627203125 0.498545396875
3 0.7305826109375 0.43466662968750003 0.7400247281250001 0.42769296562500003 0.7528041328125 0.41230150937500004 0.6158887140625 0.41374563750000004 0.622276034375 0.4296455828125 0.6331066875 0.45363500468750007 0.6428265093750001 0.4776244046875 0.6636546984375 0.47846123125 0.6908702078125 0.47539282343749995 0.7050333734375 0.4731612421875 0.714475490625 0.46172443750000003 0.72363988125 0.4458244921875 0.7305826109375 0.43466662968750003
4 0.515167978125 0.74074095 0.5136864140624999 0.7541344390625 0.5205016078125 0.7603847515625 0.5255389265625 0.759789471875 0.527909428125 0.7526462734375 0.527909428125 0.7401456937499999 0.527909428125 0.7231806171875 0.5307003578125 0.708196740625 0.537687759375 0.69192914375 0.5471697609375 0.681214334375 0.5566517734375 0.6716900859375 0.5557628375 0.6702019203125 0.546280825 0.6749640453125 0.53472463125 0.6862741109375 0.525835246875 0.701751021875 0.5190200421875 0.7231806171875 0.515167978125 0.74074095
5 0.5660525 0.6430850796875001 0.5532715890625 0.6565543140625001 0.5715001078124999 0.6502406125 0.5878428984374999 0.644768740625 0.6004142906250001 0.6443478171875 0.6186428265624999 0.6468733078125 0.63351896875 0.6445582859375001 0.64273799375 0.6384550375 0.6471379765624999 0.6296158453125 0.6435760890625 0.620987121875 0.6330999296875001 0.6163570796875 0.6161285546874999 0.6178302703125 0.590985746875 0.62477535 0.5763191234375 0.6350877328125 0.5660525 0.6430850796875001
4 0.528168128125 0.2932611609375 0.5329715171875 0.30057615625 0.5399441734375 0.3041558421875 0.5431980765625 0.2999536015625 0.54180355 0.2959070078125 0.5346759421875 0.2867243453125 0.5331264625000001 0.2847010546875 0.5289428671875 0.27660785625 0.5236746421875 0.2660244578125 0.51918115 0.2574643515625 0.5157722953125 0.2440794484375 0.5140678703125 0.23318476718749998 0.51499755625 0.22057807812500002 0.517631671875 0.21201797187500002 0.5184064109375 0.20470295312500003 0.5157722953125 0.201123290625 0.510194171875 0.20143456249999997 0.5032215156250001 0.2050142484375 0.498254709375 0.21093845937500003 0.49826318125 0.2185547765625 0.499037921875 0.2230682765625 0.5008972984375 0.232095303125 0.5055457359375 0.2437681765625 0.51034911875 0.2574643515625 0.511898596875 0.2636898828125 0.51623714375 0.27427328125 0.521815265625 0.2823664796875 0.528168128125 0.2932611609375
5 0.62493045 0.3223226359375 0.6126834890625 0.3218028609375 0.5969866781250001 0.3216295890625 0.583014784375 0.3237087296875 0.567145484375 0.32388198749999997 0.5469638609375 0.314525890625 0.560418275 0.327000690625 0.57007785 0.333238084375 0.58008241875 0.337049821875 0.59422679375 0.3387824328125 0.612338509375 0.34103483125 0.62268805625 0.341381346875 0.631657659375 0.3405150421875 0.63407255625 0.336010259375 0.6328651140625 0.32717395 0.62493045 0.3223226359375
0 0.5870159625 0.12557671406249998 0.594427528125 0.14046589062499998 0.5997803328125 0.1474968828125 0.5981333125 0.1586637890625 0.582898425 0.16652197500000002 0.5419713671874999 0.184719840625 0.52797173125 0.210775925 0.5217954234375 0.23683200937499999 0.5259129625 0.2604065375 0.5477359109375 0.289357728125 0.5732646515625001 0.300524603125 0.5983816281250001 0.3063148484375 0.6383217515624999 0.29059850625 0.6547919046875 0.2653695859375 0.6601447171875 0.2364183953125 0.6873204625 0.21615258750000002 0.720672515625 0.2004362140625 0.7539725374999999 0.2016769921875 0.7762072343749999 0.2074672046875 0.7984419468749999 0.2033313203125 0.8100086953125001 0.1860262359375 0.8077160203125 0.0949711640625 0.7636583578125 0.0862858125 0.7237182343749999 0.07015585625000001 0.7002482640625 0.046581296875 0.6611316515625 0.0399639203125 0.6306618703125 0.0531987375 0.608015409375 0.06477919531250001 0.588251221875 0.093316803125 0.5861924515625 0.10944675781249999 0.5870159625 0.12557671406249998
0 0.661476653125 0.6963453453125 0.6500786078125 0.6843761203125001 0.6324634140625001 0.667202834375 0.601377790625 0.6651212171875 0.57391881875 0.6692844499999999 0.5500865171875 0.68801891875 0.5371341734375 0.719763440625 0.5371341734375 0.751508003125 0.5516407937500001 0.7796096859375 0.5640750406249999 0.7936605671875 0.5946425671875 0.8009462046875001 0.6132939421875 0.8139562578125 0.6184748796874999 0.82748670625 0.609149196875 0.8358131312499999 0.6003415999999999 0.8613128437500001 0.6003415999999999 0.8805677078124999 0.6164025171875 0.8977409937499999 0.6480062249999999 0.9180366640625 0.6785737609375 0.92740391875 0.7081050859375 0.915434653125 0.7277926625 0.903465409375 0.769758284375 0.8852513343749999 0.8117238468749999 0.8764045140625001 0.8048991187500001 0.7728067656250001 0.7894458015625 0.76868125 0.781674396875 0.76503845 0.7661315859375 0.7697220765624999 0.7573239890625 0.7733648765625001 0.74281736875 0.770762865625 0.7044784468749999 0.7603548234375 0.6759832921875 0.7353755046875 0.6645852265625 0.718722653125 0.661476653125 0.6963453453125