1 0.6670962390625 0.787816721875 0.7172853375 0.7943340937500001 0.7521995125000001 0.793790978125 0.8132992890624999 0.7769544421875 0.84384921875 0.752514315625 0.856396471875 0.72753108125 0.8552731296875 0.7127706890625001 0.6387284531249999 0.777497559375 0.6670962390625 0.787816721875
1 0.08773465312499999 0.702932928125 0.089951840625 0.725796625 0.10421879999999999 0.750975896875 0.11913429843750001 0.77099019375 0.15091071250000002 0.789713240625 0.1976026734375 0.8000432015625 0.24624010156249998 0.8039169140625001 0.278016565625 0.8000432015625 0.31822353593749997 0.789713240625 0.08773465312499999 0.702932928125
2 0.3401727765625 0.354626325 0.343891925 0.3652053171875 0.352960553125 0.36107 0.38878732656250004 0.3414025828125 0.4111022015625 0.32712091718749997 0.41083655312499995 0.31204586875 0.3986164875 0.2990865984375 0.3829429625 0.291152353125 0.3646128859375 0.290358940625 0.35451805468750003 0.304640565625 0.3449545421875 0.3252696109375 0.339641478125 0.3414025828125 0.3401727765625 0.354626325
2 0.57386096875 0.33884467812499997 0.5970135203125 0.34550968125 0.61235558125 0.35050846562500004 0.6198024625 0.3488792578125 0.6204450359375 0.3260700484375 0.6081713828125 0.3016316515625 0.600081928125 0.2877461921875 0.5847398671875 0.2849691 0.5621452 0.2913563984375 0.5495926046874999 0.2999654015625 0.54708208125 0.31107376875 0.5509873375 0.321349 0.559913640625 0.3319019484375 0.57386096875 0.33884467812499997
3 0.498545396875 0.3688372796875 0.522534796875 0.37133665625 0.546524196875 0.3763354203125 0.5448231265625 0.24441952968749997 0.5334137171875 0.25219940625000004 0.5233716234375 0.266084865625 0.509145353125 0.2758046875 0.490177 0.2888570328125 0.4843191046875 0.29968767500000004 0.48515595312500004 0.3224598421875 0.4843191046875 0.34273258906250004 0.48655068593750006 0.356895775 0.498545396875 0.3688372796875
3 0.43466662968750003 0.2694173890625 0.42769296562500003 0.259975271875 0.41230150937500004 0.2471958671875 0.41374563750000004 0.3841112859375 0.4296455828125 0.377723965625 0.45363500468750007 0.3668933125 0.4776244046875 0.35717349062500003 0.47846123125 0.33634530156250003 0.47539282343749995 0.3091297921875 0.4731612421875 0.2949666265625 0.46172443750000003 0.28552450937499996 0.4458244921875 0.27636011875 0.43466662968750003 0.2694173890625
4 0.74074095 0.48483202187499996 0.7541344390625 0.4863135859375 0.7603847515625 0.47949839218749996 0.759789471875 0.4744610734375 0.7526462734375 0.47209057187500003 0.7401456937499999 0.47209057187500003 0.7231806171875 0.47209057187500003 0.708196740625 0.4692996421875 0.69192914375 0.46231224062500004 0.681214334375 0.4528302390625 0.6716900859375 0.4433482265625 0.6702019203125 0.4442371625 0.6749640453125 0.453719175 0.6862741109375 0.46527536875 0.701751021875 0.474164753125 0.7231806171875 0.4809799578125 0.74074095 0.48483202187499996
5 0.6430850796875001 0.43394750000000004 0.6565543140625001 0.4467284109375 0.6502406125 0.4284998921875 0.644768740625 0.4121571015625 0.6443478171875 0.39958570937500004 0.6468733078125 0.3813571734375 0.6445582859375001 0.36648103125 0.6384550375 0.35726200625 0.6296158453125 0.3528620234375 0.620987121875 0.3564239109375 0.6163570796875 0.3669000703125 0.6178302703125 0.3838714453125 0.62477535 0.40901425312499995 0.6350877328125 0.4236808765625 0.6430850796875001 0.43394750000000004
4 0.2932611609375 0.471831871875 0.30057615625 0.46702848281250003 0.3041558421875 0.4600558265625 0.2999536015625 0.4568019234375 0.2959070078125 0.45819645 0.2867243453125 0.46532405781249997 0.2847010546875 0.4668735375 0.27660785625 0.4710571328125 0.2660244578125 0.4763253578125 0.2574643515625 0.48081885 0.2440794484375 0.4842277046875 0.23318476718749998 0.4859321296875 0.22057807812500002 0.48500244375 0.21201797187500002 0.482368328125 0.20470295312500003 0.4815935890625 0.201123290625 0.4842277046875 0.20143456249999997 0.489805828125 0.2050142484375 0.49677848437499994 0.21093845937500003 0.501745290625 0.2185547765625 0.50173681875 0.2230682765625 0.5009620781249999 0.232095303125 0.4991027015625 0.2437681765625 0.49445426406250004 0.2574643515625 0.48965088124999995 0.2636898828125 0.48810140312500006 0.27427328125 0.48376285625 0.2823664796875 0.478184734375 0.2932611609375 0.471831871875
5 0.3223226359375 0.37506955 0.3218028609375 0.38731651093749997 0.3216295890625 0.40301332187499994 0.3237087296875 0.416985215625 0.32388198749999997 0.432854515625 0.314525890625 0.4530361390625 0.327000690625 0.43958172500000003 0.333238084375 0.42992215 0.337049821875 0.41991758125 0.3387824328125 0.40577320625 0.34103483125 0.387661490625 0.341381346875 0.37731194375 0.3405150421875 0.36834234062500004 0.336010259375 0.36592744375 0.32717395 0.3671348859375 0.3223226359375 0.37506955
0 0.12557671406249998 0.41298403749999996 0.14046589062499998 0.40557247187499995 0.1474968828125 0.40021966718749996 0.1586637890625 0.4018666875 0.16652197500000002 0.41710157499999995 0.184719840625 0.4580286328125 0.210775925 0.47202826875000004 0.23683200937499999 0.4782045765625 0.2604065375 0.47408703750000003 0.289357728125 0.45226408906250004 0.300524603125 0.42673534843749994 0.3063148484375 0.401618371875 0.29059850625 0.36167824843749996 0.2653695859375 0.34520809531249996 0.2364183953125 0.3398552828125 0.21615258750000002 0.3126795375 0.2004362140625 0.279327484375 0.2016769921875 0.2460274625 0.2074672046875 0.223792765625 0.2033313203125 0.201558053125 0.1860262359375 0.1899913046875 0.0949711640625 0.1922839796875 0.0862858125 0.23634164218749998 0.07015585625000001 0.276281765625 0.046581296875 0.29975173593750004 0.0399639203125 0.3388683484375 0.0531987375 0.3693381296875 0.06477919531250001 0.391984590625 0.093316803125 0.41174877812500005 0.10944675781249999 0.4138075484375 0.12557671406249998 0.41298403749999996
0 0.6963453453125 0.338523346875 0.6843761203125001 0.3499213921875 0.667202834375 0.3675365859375 0.6651212171875 0.398622209375 0.6692844499999999 0.42608118125 0.68801891875 0.44991348281250004 0.719763440625 0.46286582656249997 0.751508003125 0.46286582656249997 0.7796096859375 0.44835920625 0.7936605671875 0.43592495937500003 0.8009462046875001 0.40535743281250003 0.8139562578125 0.3867060578125 0.82748670625 0.38152512031249997 0.8358131312499999 0.390850803125 0.8613128437500001 0.39965839999999997 0.8805677078124999 0.39965839999999997 0.8977409937499999 0.3835974828125 0.9180366640625 0.351993775 0.92740391875 0.3214262390625 0.915434653125 0.2918949140625 0.903465409375 0.2722073375 0.8852513343749999 0.230241715625 0.8764045140625001 0.18827615312499998 0.7728067656250001 0.19510088125 0.76868125 0.21055419843749998 0.76503845 0.218325603125 0.7697220765624999 0.23386841406249997 0.7733648765625001 0.2426760109375 0.770762865625 0.25718263124999996 0.7603548234375 0.295521553125 0.7353755046875 0.32401670781249997 0.718722653125 0.33541477343750004 0.6963453453125 0.338523346875