1 0.1906334140625 0.620910959375 0.2127602328125 0.6406803078125 0.2343197484375 0.6570606328124999 0.275736696875 0.6672277328125 0.3250965828125 0.6632738375 0.1869868609375 0.5657570625 0.18439247187500002 0.6022712921875 0.1906334140625 0.620910959375
1 0.7255846359375 0.63729051875 0.75338509375 0.6435037328125001 0.776079259375 0.6485872890625 0.8220350671875 0.6361608375000001 0.8572110734375 0.622604725 0.8776358515625 0.6141321484375 0.89579124375 0.59323311875 0.893521815625 0.571769259375 0.888496203125 0.54811065 0.7255846359375 0.63729051875
2 0.613544453125 0.189757740625 0.6300621640624999 0.22736175468750003 0.6513406953125 0.23711318593750003 0.6695794546875 0.2391307328125 0.68376516875 0.22870677343749998 0.68275189375 0.195417375 0.6743080265625 0.1745694828125 0.6607978375 0.16851685624999999 0.63816828125 0.1695256359375 0.62195601875 0.1745694828125 0.613544453125 0.189757740625
2 0.3813580875 0.2444348671875 0.39994063125 0.24061834375000002 0.43123159062500005 0.2282519 0.4415757359375 0.203977434375 0.446008925 0.181909771875 0.430862134375 0.17602506406250001 0.40352408906250004 0.17271490625000002 0.38468296562500004 0.174921696875 0.37101394375 0.1892656640625 0.367319609375 0.2146435109375 0.3687973765625 0.22972305624999997 0.3813580875 0.2444348671875
3 0.6129928171875 0.1458659171875 0.590457359375 0.1587387296875 0.5782660749999999 0.1605777015625 0.5594249796875 0.1605777015625 0.5453865015625 0.162416675 0.5361506671875 0.1778640375 0.5372589796875 0.21611468125000002 0.5690302421875 0.2256773484375 0.610406765625 0.2444348671875 0.6129928171875 0.1458659171875
3 0.44705120468750004 0.1514523578125 0.448964403125 0.25031957656250003 0.482952259375 0.2278840828125 0.5224816171875 0.2168502453125 0.5269148343750001 0.21206894531249998 0.5269148343750001 0.1885300859375 0.5254370953125 0.17161153906249998 0.5051182609375 0.16168106875 0.4796273828125 0.1587387296875 0.45820023593750003 0.1557963609375 0.44705120468750004 0.1514523578125
0 0.76481869375 0.23526698750000002 0.74324260625 0.238781965625 0.7259817296875 0.2438591421875 0.71185920625 0.2622151046875 0.70989774375 0.2864293390625 0.7228434078125 0.31962628125000003 0.7424580328125 0.3375917046875 0.7640341203125 0.34462164375 0.7907099921875 0.3407161203125 0.80954004375 0.3297806578125 0.81699360625 0.311034140625 0.81738589375 0.2903348625 0.82483945625 0.2754938765625 0.83856969375 0.2719789140625 0.85190764375 0.273931675 0.8491615796875 0.28721044687499997 0.85818431875 0.3004892328125 0.8719145562499999 0.3063475171875 0.8966289640625 0.2938498390625 0.9111438046875 0.259090675 0.921343403125 0.21573937031249998 0.9185973531249999 0.20167949218749998 0.91192839375 0.1903534390625 0.898198140625 0.17746524375 0.8860370796874999 0.15168879531249999 0.8770143406249999 0.116539084375 0.7953855062499999 0.1170055734375 0.7871793828125 0.1270839859375 0.7777643578125 0.13880055625 0.7734491453125 0.150907671875 0.7707030796875001 0.16106202812499998 0.7746260046875 0.1712164125 0.7871793828125 0.1782463515625 0.7860024937500001 0.1876195984375 0.7765874671875 0.21769213281250002 0.76481869375 0.23526698750000002
0 0.1966027734375 0.2817158484375 0.216088959375 0.27777014843750003 0.2316118640625 0.285990378125 0.244822834375 0.3004579765625 0.249116384375 0.3284067640625 0.2560521390625 0.340243890625 0.27785025937499996 0.3474776953125 0.3032813671875 0.3481353171875 0.3287124734375 0.3379422296875 0.3465472890625 0.3073629765625 0.3515014015625 0.2807294234375 0.3369693296875 0.2524518375 0.3161620671875 0.24160113593750002 0.290730934375 0.2396282734375 0.2752080546875 0.206747353125 0.2709144796875 0.1761680859375 0.26658684843749997 0.1394932984375 0.1744743828125 0.138355028125 0.1662175265625 0.162358109375 0.1497038140625 0.189649284375 0.13550206250000002 0.2152964 0.142107546875 0.2613296875 0.1483827375 0.2856615609375 0.16390561718750002 0.30440368906250004 0.18471290468749998 0.3063765390625 0.1926394921875 0.298485125 0.1966027734375 0.2817158484375
4 0.324171559375 0.3473933609375 0.31635614843750004 0.3515430859375 0.3127089578125 0.3525805234375 0.298293859375 0.3553470078125 0.2979465140625 0.3555199171875 0.289957428125 0.35673024999999997 0.284052446875 0.355865721875 0.27536865625 0.3546553890625 0.267900590625 0.35500119531249996 0.266684865625 0.357248971875 0.267379571875 0.3633006609375 0.2717214671875 0.3662400484375 0.28144731093750003 0.3679691015625 0.2939519640625 0.3655484296875 0.3010726828125 0.36502971562500003 0.31566144218750003 0.36122579374999997 0.3253872984375 0.3551741046875 0.3309449203125 0.3494682265625 0.335981521875 0.3435894265625 0.3392813640625 0.3384022640625 0.328687128125 0.3451455921875 0.324171559375 0.3473933609375
5 0.3777483625 0.252034725 0.371324490625 0.246630221875 0.364068221875 0.245691415625 0.36013284375 0.2503556109375 0.3587476671875 0.26086983125 0.3612137125 0.27535493906249997 0.36022729062500003 0.2986784609375 0.358007846875 0.326912175 0.35681046875 0.34429655625 0.361257234375 0.338042496875 0.3668792078125 0.3311394859375 0.369877590625 0.323676771875 0.3721263890625 0.31602749375 0.37325078125 0.3136021046875 0.377736203125 0.30064254375 0.37980975 0.278154215625 0.3801845421875 0.2691989609375 0.3786853578125 0.257631759375 0.3777483625 0.252034725
4 0.7335491140625 0.34288450937500004 0.7454984359375 0.35094980625 0.75825786875 0.35659551718750004 0.7700046640625 0.36183795625 0.78497911875 0.3664848890625 0.797346325 0.36466081093749997 0.80078934375 0.362039590625 0.80287360625 0.35556792812500004 0.8001817593749999 0.3513530734375 0.7860046015625 0.349538378125 0.775067934375 0.35014327343749996 0.7623084859375 0.34893348125 0.7489414546875001 0.3449008328125 0.7388149125 0.34288450937500004 0.7335491140625 0.34288450937500004
5 0.6746867828124999 0.258520459375 0.6799064687499999 0.28325595 0.685961321875 0.3125643828125 0.7039425328125 0.336531125 0.7016203765625 0.326283225 0.6953567546875 0.294480453125 0.69222494375 0.26974496875 0.6972358437499999 0.25332392812500004 0.6972358437499999 0.24355445625 0.6920161593749999 0.2420994171875 0.6847086 0.24417802968750002 0.6774010265625 0.2489588453125 0.6746867828124999 0.258520459375