1 0.7872397671875 0.35931969218750004 0.7656802515625001 0.3429393671875 0.724263303125 0.3327722671875 0.6749034171875 0.3367261625 0.8130131390625 0.4342429375 0.815607528125 0.39772870781249997 0.8093665859374999 0.379089040625 0.7872397671875 0.35931969218750004
1 0.1779649328125 0.36383916250000004 0.1427889265625 0.377395275 0.12236414843750001 0.3858678515625 0.10420875624999999 0.40676688125 0.106478184375 0.428230740625 0.111503796875 0.45188934999999997 0.2744153640625 0.36270948125 0.24661490625 0.3564962671875 0.22392074062499998 0.3514127109375 0.1779649328125 0.36383916250000004
2 0.31623483124999996 0.7712932265625 0.31724810625 0.8045826249999999 0.3256919734375 0.8254305171875 0.3392021625 0.8314831437500001 0.36183171875000003 0.8304743640625001 0.37804398125 0.8254305171875 0.386455546875 0.8102422593749999 0.36993783593749996 0.7726382453125 0.3486593046875 0.7628868140625 0.3304205453125 0.7608692671874999 0.31623483124999996 0.7712932265625
2 0.569137865625 0.8239749359375 0.5964759109375 0.8272850937499999 0.6153170343750001 0.825078303125 0.62898605625 0.8107343359374999 0.632680390625 0.7853564890625 0.6312026234375 0.77027694375 0.6186419125 0.7555651328125 0.60005936875 0.75938165625 0.568768409375 0.7717481 0.5584242640625 0.796022565625 0.553991075 0.8180902281250001 0.569137865625 0.8239749359375
3 0.44057502031249995 0.8394222984375 0.4546134984375 0.837583325 0.46384933281249996 0.8221359625 0.4627410203125 0.78388531875 0.4309697578125 0.7743226515625 0.38959323437500004 0.7555651328125 0.3870071828125 0.8541340828124999 0.40954264062499995 0.8412612703125 0.421733925 0.8394222984375 0.44057502031249995 0.8394222984375
3 0.47308516562499997 0.7879310546875 0.47308516562499997 0.8114699140624999 0.4745629046875 0.8283884609375001 0.4948817390625 0.8383189312500001 0.5203726171875 0.8412612703125 0.5417997640625 0.8442036390625001 0.5529487953125 0.8485476421874999 0.551035596875 0.7496804234375001 0.517047740625 0.7721159171875 0.4775183828125 0.7831497546875 0.47308516562499997 0.7879310546875
0 0.2265508546875 0.849092328125 0.2292969203125 0.838937971875 0.22537399531250002 0.8287835875 0.2128206171875 0.8217536484375 0.21399750625 0.8123804015625 0.2234125328125 0.7823078671875 0.23518130625000003 0.7647330125 0.25675739375 0.761218034375 0.2740182703125 0.7561408578125 0.28814079375 0.7377848953125 0.29010225625 0.7135706609375 0.2771565921875 0.6803737187500001 0.2575419671875 0.6624082953125 0.2359658796875 0.65537835625 0.2092900078125 0.6592838796875 0.19045995625 0.6702193421875 0.18300639375 0.688965859375 0.18261410625000002 0.7096651375 0.17516054375 0.7245061234375 0.16143030625000002 0.7280210859375 0.14809235625 0.726068325 0.1508384203125 0.712789553125 0.14181568125 0.6995107671875 0.12808544375 0.6936524828125 0.10337103593750001 0.7061501609375 0.0888561953125 0.740909325 0.078656596875 0.7842606296875 0.081402646875 0.7983205078125 0.08807160625 0.8096465609375001 0.101801859375 0.8225347562499999 0.1139629203125 0.8483112046875 0.12298565937499999 0.883460915625 0.20461449375 0.8829944265625 0.2128206171875 0.8729160140625 0.22223564218749997 0.86119944375 0.2265508546875 0.849092328125
0 0.8644979375 0.7847036000000001 0.857892453125 0.7386703125 0.8516172624999999 0.7143384390625 0.8360943828125 0.6955963109375001 0.8152870953125 0.6936234609375 0.8073605078125 0.701514875 0.8033972265625 0.7182841515625 0.7839110406249999 0.7222298515625 0.7683881359375 0.7140096218750001 0.7551771656249999 0.6995420234374999 0.7508836156250001 0.6715932359375001 0.7439478609375 0.6597561093750001 0.722149740625 0.6525223046875 0.6967186328125 0.6518646828125 0.6712875265625 0.6620577703125 0.6534527109375 0.6926370234375 0.6484985984375 0.7192705765625 0.6630306703125 0.7475481625 0.6838379328124999 0.7583988640625 0.709269065625 0.7603717265625 0.7247919453125 0.793252646875 0.7290855203125 0.8238319140625 0.7334131515625 0.8605067015625 0.8255256171875001 0.8616449718749999 0.8337824734374999 0.837641890625 0.8502961859375 0.810350715625 0.8644979375 0.7847036000000001
4 0.6843385578125 0.63877420625 0.6746127015625001 0.6448258953125 0.6690550796875 0.6505317734375 0.664018478125 0.6564105734375 0.6607186359375 0.6615977359375 0.671312871875 0.6548544078125 0.6758284406249999 0.6526066390625 0.6836438515625 0.6484569140625001 0.6872910421875 0.6474194765625 0.701706140625 0.6446529921875 0.7020534859375 0.6444800828125 0.7100425718750001 0.64326975 0.715947553125 0.644134278125 0.7246313437499999 0.6453446109375001 0.7320994093750001 0.6449988046875 0.733315134375 0.642751028125 0.732620428125 0.6366993390625 0.7282785328125 0.6337599515625 0.7185526890625 0.6320308984375 0.7060480359375 0.6344515703125 0.6989273171875 0.634970284375 0.6843385578125 0.63877420625
5 0.6278736109375 0.6839725062500001 0.62674921875 0.6863978953125 0.622263796875 0.69935745625 0.62019025 0.721845784375 0.6198154578125 0.7308010390625 0.6213146421875 0.7423682406250001 0.6222516375 0.747965275 0.628675509375 0.753369778125 0.635931778125 0.754308584375 0.63986715625 0.7496443890625 0.6412523328125 0.73913016875 0.6387862875 0.7246450609374999 0.6397727093750001 0.7013215390624999 0.641992153125 0.673087825 0.64318953125 0.65570344375 0.638742765625 0.661957503125 0.6331207921875001 0.6688605140624999 0.630122409375 0.676323228125 0.6278736109375 0.6839725062500001
4 0.199818240625 0.6486469265625 0.21399539843749998 0.650461621875 0.224932065625 0.6498567265624999 0.2376915140625 0.65106651875 0.2510585453125 0.6550991671874999 0.2611850875 0.6571154906250001 0.2664508859375 0.6571154906250001 0.2545015640625 0.6490501937500001 0.24174213125000002 0.6434044828125 0.2299953359375 0.63816204375 0.21502088125 0.6335151109375 0.202653675 0.6353391890625 0.19921065625 0.637960409375 0.19712639375000002 0.6444320718750001 0.199818240625 0.6486469265625
5 0.30777505625 0.73025503125 0.30276415624999997 0.746676071875 0.30276415624999997 0.7564455437500001 0.307983840625 0.7579005828125001 0.3152914 0.7558219703125 0.3225989734375 0.7510411546875 0.3253132171875 0.741479540625 0.32009353125 0.71674405 0.314038678125 0.6874356171875 0.2960574671875 0.663468875 0.2983796234375 0.673716775 0.3046432453125 0.705519546875 0.30777505625 0.73025503125