1 0.379089040625 0.1906334140625 0.35931969218750004 0.2127602328125 0.3429393671875 0.2343197484375 0.3327722671875 0.275736696875 0.3367261625 0.3250965828125 0.4342429375 0.1869868609375 0.39772870781249997 0.18439247187500002 0.379089040625 0.1906334140625
1 0.36270948125 0.7255846359375 0.3564962671875 0.75338509375 0.3514127109375 0.776079259375 0.36383916250000004 0.8220350671875 0.377395275 0.8572110734375 0.3858678515625 0.8776358515625 0.40676688125 0.89579124375 0.428230740625 0.893521815625 0.45188934999999997 0.888496203125 0.36270948125 0.7255846359375
2 0.8102422593749999 0.613544453125 0.7726382453125 0.6300621640624999 0.7628868140625 0.6513406953125 0.7608692671874999 0.6695794546875 0.7712932265625 0.68376516875 0.8045826249999999 0.68275189375 0.8254305171875 0.6743080265625 0.8314831437500001 0.6607978375 0.8304743640625001 0.63816828125 0.8254305171875 0.62195601875 0.8102422593749999 0.613544453125
2 0.7555651328125 0.3813580875 0.75938165625 0.39994063125 0.7717481 0.43123159062500005 0.796022565625 0.4415757359375 0.8180902281250001 0.446008925 0.8239749359375 0.430862134375 0.8272850937499999 0.40352408906250004 0.825078303125 0.38468296562500004 0.8107343359374999 0.37101394375 0.7853564890625 0.367319609375 0.77027694375 0.3687973765625 0.7555651328125 0.3813580875
3 0.8541340828124999 0.6129928171875 0.8412612703125 0.590457359375 0.8394222984375 0.5782660749999999 0.8394222984375 0.5594249796875 0.837583325 0.5453865015625 0.8221359625 0.5361506671875 0.78388531875 0.5372589796875 0.7743226515625 0.5690302421875 0.7555651328125 0.610406765625 0.8541340828124999 0.6129928171875
3 0.8485476421874999 0.44705120468750004 0.7496804234375001 0.448964403125 0.7721159171875 0.482952259375 0.7831497546875 0.5224816171875 0.7879310546875 0.5269148343750001 0.8114699140624999 0.5269148343750001 0.8283884609375001 0.5254370953125 0.8383189312500001 0.5051182609375 0.8412612703125 0.4796273828125 0.8442036390625001 0.45820023593750003 0.8485476421874999 0.44705120468750004
0 0.7647330125 0.76481869375 0.761218034375 0.74324260625 0.7561408578125 0.7259817296875 0.7377848953125 0.71185920625 0.7135706609375 0.70989774375 0.6803737187500001 0.7228434078125 0.6624082953125 0.7424580328125 0.65537835625 0.7640341203125 0.6592838796875 0.7907099921875 0.6702193421875 0.80954004375 0.688965859375 0.81699360625 0.7096651375 0.81738589375 0.7245061234375 0.82483945625 0.7280210859375 0.83856969375 0.726068325 0.85190764375 0.712789553125 0.8491615796875 0.6995107671875 0.85818431875 0.6936524828125 0.8719145562499999 0.7061501609375 0.8966289640625 0.740909325 0.9111438046875 0.7842606296875 0.921343403125 0.7983205078125 0.9185973531249999 0.8096465609375001 0.91192839375 0.8225347562499999 0.898198140625 0.8483112046875 0.8860370796874999 0.883460915625 0.8770143406249999 0.8829944265625 0.7953855062499999 0.8729160140625 0.7871793828125 0.86119944375 0.7777643578125 0.849092328125 0.7734491453125 0.838937971875 0.7707030796875001 0.8287835875 0.7746260046875 0.8217536484375 0.7871793828125 0.8123804015625 0.7860024937500001 0.7823078671875 0.7765874671875 0.7647330125 0.76481869375
0 0.7182841515625 0.1966027734375 0.7222298515625 0.216088959375 0.7140096218750001 0.2316118640625 0.6995420234374999 0.244822834375 0.6715932359375001 0.249116384375 0.6597561093750001 0.2560521390625 0.6525223046875 0.27785025937499996 0.6518646828125 0.3032813671875 0.6620577703125 0.3287124734375 0.6926370234375 0.3465472890625 0.7192705765625 0.3515014015625 0.7475481625 0.3369693296875 0.7583988640625 0.3161620671875 0.7603717265625 0.290730934375 0.793252646875 0.2752080546875 0.8238319140625 0.2709144796875 0.8605067015625 0.26658684843749997 0.8616449718749999 0.1744743828125 0.837641890625 0.1662175265625 0.810350715625 0.1497038140625 0.7847036000000001 0.13550206250000002 0.7386703125 0.142107546875 0.7143384390625 0.1483827375 0.6955963109375001 0.16390561718750002 0.6936234609375 0.18471290468749998 0.701514875 0.1926394921875 0.7182841515625 0.1966027734375
4 0.6526066390625 0.324171559375 0.6484569140625001 0.31635614843750004 0.6474194765625 0.3127089578125 0.6446529921875 0.298293859375 0.6444800828125 0.2979465140625 0.64326975 0.289957428125 0.644134278125 0.284052446875 0.6453446109375001 0.27536865625 0.6449988046875 0.267900590625 0.642751028125 0.266684865625 0.6366993390625 0.267379571875 0.6337599515625 0.2717214671875 0.6320308984375 0.28144731093750003 0.6344515703125 0.2939519640625 0.634970284375 0.3010726828125 0.63877420625 0.31566144218750003 0.6448258953125 0.3253872984375 0.6505317734375 0.3309449203125 0.6564105734375 0.335981521875 0.6615977359375 0.3392813640625 0.6548544078125 0.328687128125 0.6526066390625 0.324171559375
5 0.747965275 0.3777483625 0.753369778125 0.371324490625 0.754308584375 0.364068221875 0.7496443890625 0.36013284375 0.73913016875 0.3587476671875 0.7246450609374999 0.3612137125 0.7013215390624999 0.36022729062500003 0.673087825 0.358007846875 0.65570344375 0.35681046875 0.661957503125 0.361257234375 0.6688605140624999 0.3668792078125 0.676323228125 0.369877590625 0.6839725062500001 0.3721263890625 0.6863978953125 0.37325078125 0.69935745625 0.377736203125 0.721845784375 0.37980975 0.7308010390625 0.3801845421875 0.7423682406250001 0.3786853578125 0.747965275 0.3777483625
4 0.6571154906250001 0.7335491140625 0.6490501937500001 0.7454984359375 0.6434044828125 0.75825786875 0.63816204375 0.7700046640625 0.6335151109375 0.78497911875 0.6353391890625 0.797346325 0.637960409375 0.80078934375 0.6444320718750001 0.80287360625 0.6486469265625 0.8001817593749999 0.650461621875 0.7860046015625 0.6498567265624999 0.775067934375 0.65106651875 0.7623084859375 0.6550991671874999 0.7489414546875001 0.6571154906250001 0.7388149125 0.6571154906250001 0.7335491140625
5 0.741479540625 0.6746867828124999 0.71674405 0.6799064687499999 0.6874356171875 0.685961321875 0.663468875 0.7039425328125 0.673716775 0.7016203765625 0.705519546875 0.6953567546875 0.73025503125 0.69222494375 0.746676071875 0.6972358437499999 0.7564455437500001 0.6972358437499999 0.7579005828125001 0.6920161593749999 0.7558219703125 0.6847086 0.7510411546875 0.6774010265625 0.741479540625 0.6746867828124999