1 0.24272301875000002 0.14141446875000002 0.20710488749999997 0.1610439484375 0.1727149734375 0.1972831078125 0.15060715156249999 0.2466084859375 0.14385198593749998 0.28234429375 0.15859053437499998 0.3065037078125 0.16350338749999999 0.299960521875 0.2825654796875 0.1365356609375 0.24272301875000002 0.14141446875000002
1 0.175170565625 0.6547936046875 0.17059630625 0.65216926875 0.15778835 0.6727891421875001 0.1660220375 0.7084052859375001 0.1907230828125 0.7473955984375 0.2213706734375 0.781512109375 0.2456142890625 0.7995076171875 0.2922718265625 0.811879553125 0.3123986125 0.8122544546875 0.175170565625 0.6547936046875
2 0.7170403765625 0.5796184984375 0.7004371984375 0.6028471140625 0.6909262265625 0.628747275 0.7099481703125 0.6279928953125 0.731117790625 0.6186889640625 0.7424695812500001 0.6071218890625001 0.7449240359375 0.5827304890625 0.7479920921875001 0.56940321875 0.7489124968749999 0.5623624109375001 0.73142456875 0.5681459296875 0.7170403765625 0.5796184984375
2 0.6863520078125 0.3051919890625 0.679090759375 0.3051919890625 0.6765577640625 0.30740643125 0.6797662171875001 0.31529539687499997 0.6831322484375 0.3202949125 0.70323864375 0.3462976203125 0.7174234125 0.3624907421875 0.7332968656250001 0.36968768281250003 0.737180778125 0.37259414999999996 0.7393760453125 0.3623523421875 0.7339723203124999 0.341591925 0.7304261234375 0.32512199218750004 0.7214762078125 0.31363455625 0.705265040625 0.305468790625 0.6863520078125 0.3051919890625
3 0.7666613 0.44578342187500003 0.766132125 0.4355914203125 0.7637509062500001 0.4147737359375 0.7666613 0.40024473125000004 0.7722175078125 0.38896847343749996 0.7830149765625001 0.3736848109375 0.6854347609375 0.37987798437500003 0.6989284171875 0.39635865 0.71004084375 0.41867705937500005 0.717978290625 0.435157725 0.7190366109374999 0.44860247500000006 0.7153324750000001 0.462697784375 0.7335885953125 0.45901132499999997 0.7494634984374999 0.46031242656250004 0.7595175859375 0.45684281562500006 0.7666613 0.44578342187500003
3 0.7231864390625 0.5027659671875 0.714313315625 0.5301774359375 0.6904240265625 0.5626236734375001 0.790775921875 0.5603643500000001 0.779496859375 0.5483585203125 0.7709649796875 0.5343730703125 0.7607267249999999 0.5136746015625 0.767552228125 0.4873819734375 0.7600441578125 0.47479506875000005 0.74332169375 0.468641459375 0.7262579484375 0.4697602984375 0.7265991921875 0.47479506875000005 0.7231864390625 0.5027659671875
0 0.6179064390625 0.118399584375 0.6197467265625 0.12960406875 0.6284223546875001 0.1386538609375 0.64156725 0.13800745781249998 0.64551071875 0.1390848125 0.6410414624999999 0.158261734375 0.6331545249999999 0.170543575 0.598977803125 0.1767922375 0.572425103125 0.1869193671875 0.5555996390625 0.20803553125000002 0.5513932703125 0.23389205156249998 0.5600689078125 0.25845574843749997 0.5824152265625 0.2713840078125 0.6026583624999999 0.2791409609375 0.617117746875 0.28819074375 0.643670440625 0.284312259375 0.6712747218749999 0.2750470078125 0.67995035 0.2567319734375 0.6828422234375 0.2420799390625 0.6951984359375001 0.23001356718750002 0.730689653125 0.21428419375000002 0.74961829375 0.2123449515625 0.762024775 0.21880908125 0.774118075 0.2170853078125 0.788051671875 0.21062117656249998 0.8018066562499999 0.20390685937500003 0.8050782218749999 0.1114620796875 0.788847628125 0.109304196875 0.7657126046875 0.10154722812500001 0.7444178796875 0.088834453125 0.7310100890625 0.07784541874999999 0.7015079703125 0.07724464375 0.6610216984374999 0.0865098703125 0.63157713125 0.0966370328125 0.624741790625 0.11107358437499999 0.6179064390625 0.118399584375
4 0.554127546875 0.2627135015625 0.547788365625 0.2499606578125 0.5414491531250001 0.23547594843750003 0.5418333484375 0.2186296 0.547019959375 0.206821409375 0.5462515765625 0.199893921875 0.5358783390624999 0.2014683484375 0.5310759171874999 0.2049320796875 0.5300916328125 0.2132077078125 0.530883821875 0.2356333765625 0.5406807625 0.2598795421875 0.543178021875 0.2650751390625 0.5465399953125 0.270364875 0.5494130265625 0.27383501093749996 0.55848575 0.279783796875 0.5574272765625 0.27135634531249997 0.55591515625 0.267018678125 0.554127546875 0.2627135015625
5 0.6536697421875 0.2975686484375 0.64066550625 0.3021541875 0.6207055125000001 0.3035174515625 0.5891021890625 0.2964532546875 0.5623940140625 0.2852515453125 0.5746968296875 0.297196853125 0.6089109734375 0.30946625625 0.619949453125 0.31293638281249997 0.6403630875 0.3146714515625 0.653367321875 0.31715011875 0.6706055 0.315662921875 0.6768051921875 0.310333784375 0.673024890625 0.3015345203125 0.66576670625 0.3000473140625 0.6536697421875 0.2975686484375
0 0.6838223984375 0.6612622140625 0.6729415640624999 0.6562006921875 0.658531815625 0.6516212140625 0.64176945 0.648728921875 0.6292712015624999 0.6501750687500001 0.61618479375 0.6588519640625 0.595317928125 0.6702256156249999 0.5777091828125 0.6922345937500001 0.5719863265625 0.71496519375 0.5847526734375 0.7366133734375 0.6054429546875 0.757900728125 0.6339778734375 0.75970474375 0.6581899078125 0.764755990625 0.6722769171875 0.7791881109375 0.6718366796875 0.7979498828125 0.6586301203125 0.8019187109375 0.651586628125 0.8112995843749999 0.6595105609374999 0.83186534375 0.670075825 0.8434110562500001 0.7308259875 0.8574823796875 0.768684784375 0.8553175390625001 0.8008207437499999 0.8340301828125 0.828994778125 0.82320609375 0.828046625 0.732871240625 0.8163076984375 0.7293973140625 0.80926420625 0.7229028484375 0.793856553125 0.7200164124999999 0.7837315109375 0.726510878125 0.7709651625 0.724346065625 0.726943296875 0.71496519375 0.6992095593750001 0.6958426234374999 0.6939268984375 0.6731120500000001 0.6838223984375 0.6612622140625
4 0.5679405859375 0.7236858734375 0.566261234375 0.712537071875 0.5660933015625 0.7030399390625 0.5665971062499999 0.6991860375 0.568108525 0.685146796875 0.5696073359375 0.6681991625 0.5603835046875 0.6822563671874999 0.55500958125 0.7027646640625 0.552658490625 0.7196943359375 0.552658490625 0.7344217640624999 0.55333023125 0.7436436109375 0.558704153125 0.7469469671875 0.5650856875 0.7470846046874999 0.569955809375 0.7452952921875 0.5697878765625 0.7351099624999999 0.5679405859375 0.7236858734375
5 0.653327840625 0.635054775 0.657913215625 0.63616011875 0.664791275 0.6383708078125 0.6718041953125 0.6411341687500001 0.6792217125 0.641465775 0.6836722265625 0.639365628125 0.6873135484375 0.6373760046875 0.688527325 0.634391578125 0.688527325 0.631075546875 0.6862104640625 0.6261159843749999 0.6821887249999999 0.6219011859375 0.6748522828125 0.620879590625 0.66065454375 0.6218977765625 0.6407777015625 0.6237887062499999 0.6194810921875 0.6287341921875 0.603331165625 0.6344069578125 0.5889559515625 0.642843396875 0.577761915625 0.654969421875 0.57919500625 0.654916228125 0.591972971875 0.6496798234375001 0.60167495625 0.6437869875 0.60841815 0.6405814796875 0.6144870265625 0.6390340046875 0.6225788640625 0.636491709375 0.6328285203124999 0.6352758406250001 0.645370865625 0.63472316875 0.653327840625 0.635054775