1 0.8027168921875001 0.1727149734375 0.7533915140625 0.15060715156249999 0.71765570625 0.14385198593749998 0.6934962921875 0.15859053437499998 0.700039478125 0.16350338749999999 0.8634643390625 0.2825654796875 0.8585855312499999 0.24272301875000002 0.8389560515625 0.20710488749999997 0.8027168921875001 0.1727149734375
1 0.29159471406250004 0.1660220375 0.2526044015625 0.1907230828125 0.218487890625 0.2213706734375 0.20049238281249998 0.2456142890625 0.188120446875 0.2922718265625 0.1877455453125 0.3123986125 0.3452063953125 0.175170565625 0.34783073125 0.17059630625 0.32721085781250003 0.15778835 0.29159471406250004 0.1660220375
2 0.3813110359375 0.731117790625 0.3928781109375 0.7424695812500001 0.4172695109375 0.7449240359375 0.43059678124999995 0.7479920921875001 0.4376375890625 0.7489124968749999 0.43185407031249995 0.73142456875 0.4203815015625 0.7170403765625 0.39715288593750003 0.7004371984375 0.371252725 0.6909262265625 0.3720071046875 0.7099481703125 0.3813110359375 0.731117790625
2 0.6274058499999999 0.737180778125 0.6376476578125 0.7393760453125 0.658408075 0.7339723203124999 0.6748780078125 0.7304261234375 0.68636544375 0.7214762078125 0.694531209375 0.705265040625 0.6948080109375 0.6863520078125 0.6948080109375 0.679090759375 0.69259356875 0.6765577640625 0.6847046031249999 0.6797662171875001 0.6797050875 0.6831322484375 0.6537023796875 0.70323864375 0.6375092578125 0.7174234125 0.6303123171875 0.7332968656250001 0.6274058499999999 0.737180778125
3 0.564842275 0.717978290625 0.5513975249999999 0.7190366109374999 0.537302215625 0.7153324750000001 0.540988675 0.7335885953125 0.5396875734375 0.7494634984374999 0.5431571843749999 0.7595175859375 0.5542165781249999 0.7666613 0.5644085796875 0.766132125 0.5852262640625 0.7637509062500001 0.59975526875 0.7666613 0.6110315265625 0.7722175078125 0.6263151890625 0.7830149765625001 0.620122015625 0.6854347609375 0.60364135 0.6989284171875 0.581322940625 0.71004084375 0.564842275 0.717978290625
3 0.48632539843749995 0.7607267249999999 0.5126180265625 0.767552228125 0.52520493125 0.7600441578125 0.531358540625 0.74332169375 0.5302397015625 0.7262579484375 0.52520493125 0.7265991921875 0.4972340328125 0.7231864390625 0.4698225640625 0.714313315625 0.4373763265625 0.6904240265625 0.43963564999999993 0.790775921875 0.4516414796875 0.779496859375 0.4656269296875 0.7709649796875 0.48632539843749995 0.7607267249999999
0 0.911165546875 0.7444178796875 0.92215458125 0.7310100890625 0.92275535625 0.7015079703125 0.9134901296875 0.6610216984374999 0.9033629671875 0.63157713125 0.8889264156250001 0.624741790625 0.8816004156249999 0.6179064390625 0.87039593125 0.6197467265625 0.8613461390625 0.6284223546875001 0.8619925421874999 0.64156725 0.8609151875000001 0.64551071875 0.841738265625 0.6410414624999999 0.829456425 0.6331545249999999 0.8232077625 0.598977803125 0.8130806328125001 0.572425103125 0.79196446875 0.5555996390625 0.7661079484375 0.5513932703125 0.7415442515625 0.5600689078125 0.7286159921875 0.5824152265625 0.7208590390625 0.6026583624999999 0.71180925625 0.617117746875 0.715687740625 0.643670440625 0.7249529921875 0.6712747218749999 0.7432680265625 0.67995035 0.7579200609375001 0.6828422234375 0.7699864328125 0.6951984359375001 0.78571580625 0.730689653125 0.7876550484375 0.74961829375 0.78119091875 0.762024775 0.7829146921875 0.774118075 0.7893788234375 0.788051671875 0.796093140625 0.8018066562499999 0.8885379203125 0.8050782218749999 0.890695803125 0.788847628125 0.898452771875 0.7657126046875 0.911165546875 0.7444178796875
4 0.7349248609375 0.543178021875 0.7296351249999999 0.5465399953125 0.7261649890624999 0.5494130265625 0.720216203125 0.55848575 0.7286436546874999 0.5574272765625 0.732981321875 0.55591515625 0.7372864984375 0.554127546875 0.7500393421875 0.547788365625 0.7645240515625 0.5414491531250001 0.7813704 0.5418333484375 0.793178590625 0.547019959375 0.800106078125 0.5462515765625 0.7985316515625 0.5358783390624999 0.7950679203125001 0.5310759171874999 0.7867922921875 0.5300916328125 0.7643666234375 0.530883821875 0.7401204578125 0.5406807625 0.7349248609375 0.543178021875
5 0.6853285484375 0.6403630875 0.68284988125 0.653367321875 0.684337078125 0.6706055 0.689666215625 0.6768051921875 0.6984654796875 0.673024890625 0.6999526859375 0.66576670625 0.7024313515625 0.6536697421875 0.6978458125 0.64066550625 0.6964825484375 0.6207055125000001 0.7035467453125 0.5891021890625 0.7147484546875 0.5623940140625 0.702803146875 0.5746968296875 0.69053374375 0.6089109734375 0.6870636171875 0.619949453125 0.6853285484375 0.6403630875
0 0.27998358749999996 0.793856553125 0.273489121875 0.7837315109375 0.275653934375 0.7709651625 0.28503480625 0.726943296875 0.30415737656249997 0.6992095593750001 0.32688795000000004 0.6939268984375 0.3387377859375 0.6838223984375 0.3437993078125 0.6729415640624999 0.3483787859375 0.658531815625 0.351271078125 0.64176945 0.34982493125 0.6292712015624999 0.3411480359375 0.61618479375 0.329774384375 0.595317928125 0.30776540625000004 0.5777091828125 0.28503480625 0.5719863265625 0.2633866265625 0.5847526734375 0.242099271875 0.6054429546875 0.24029525624999998 0.6339778734375 0.23524400937499998 0.6581899078125 0.22081188906250002 0.6722769171875 0.2020501171875 0.6718366796875 0.1980812890625 0.6586301203125 0.188700415625 0.651586628125 0.16813465625 0.6595105609374999 0.15658894375000001 0.670075825 0.14251762031249998 0.7308259875 0.14468246093749998 0.768684784375 0.16596981718749998 0.8008207437499999 0.17679390625 0.828994778125 0.26712875937499997 0.828046625 0.27060268593750003 0.8163076984375 0.2770971515625 0.80926420625 0.27998358749999996 0.793856553125
4 0.26557823593749996 0.552658490625 0.25635638906249997 0.55333023125 0.25305303281249997 0.558704153125 0.25291539531249996 0.5650856875 0.2547047078125 0.569955809375 0.2648900375 0.5697878765625 0.2763141265625 0.5679405859375 0.28746292812499996 0.566261234375 0.2969600609375 0.5660933015625 0.30081396250000003 0.5665971062499999 0.314853203125 0.568108525 0.3318008375 0.5696073359375 0.3177436328125 0.5603835046875 0.2972353359375 0.55500958125 0.2803056640625 0.552658490625 0.26557823593749996 0.552658490625
5 0.3562130125 0.60167495625 0.3594185203125 0.60841815 0.3609659953125 0.6144870265625 0.363508290625 0.6225788640625 0.364724159375 0.6328285203124999 0.36527683125 0.645370865625 0.364945225 0.653327840625 0.36383988125 0.657913215625 0.3616291921875 0.664791275 0.35886583125 0.6718041953125 0.358534225 0.6792217125 0.36063437187499997 0.6836722265625 0.3626239953125 0.6873135484375 0.365608421875 0.688527325 0.368924453125 0.688527325 0.373884015625 0.6862104640625 0.3780988140625 0.6821887249999999 0.37912040937499997 0.6748522828125 0.3781022234375 0.66065454375 0.37621129375 0.6407777015625 0.3712658078125 0.6194810921875 0.3655930421875 0.603331165625 0.357156603125 0.5889559515625 0.345030578125 0.577761915625 0.345083771875 0.57919500625 0.35032017656250003 0.591972971875 0.3562130125 0.60167495625