1 0.75727698125 0.8585855312499999 0.7928951125 0.8389560515625 0.8272850265624999 0.8027168921875001 0.8493928484375 0.7533915140625 0.8561480140625 0.71765570625 0.8414094656250001 0.6934962921875 0.8364966125000001 0.700039478125 0.7174345203125 0.8634643390625 0.75727698125 0.8585855312499999
1 0.824829434375 0.3452063953125 0.82940369375 0.34783073125 0.84221165 0.32721085781250003 0.8339779625 0.29159471406250004 0.8092769171875001 0.2526044015625 0.7786293265625 0.218487890625 0.7543857109375 0.20049238281249998 0.7077281734375 0.188120446875 0.6876013875 0.1877455453125 0.824829434375 0.3452063953125
2 0.2829596234375 0.4203815015625 0.2995628015625 0.39715288593750003 0.30907377343750003 0.371252725 0.2900518296875 0.3720071046875 0.26888220937499996 0.3813110359375 0.25753041875 0.3928781109375 0.2550759640625 0.4172695109375 0.25200790781250004 0.43059678124999995 0.251087503125 0.4376375890625 0.26857543125 0.43185407031249995 0.2829596234375 0.4203815015625
2 0.3136479921875 0.6948080109375 0.320909240625 0.6948080109375 0.3234422359375 0.69259356875 0.32023378281250003 0.6847046031249999 0.3168677515625 0.6797050875 0.29676135625 0.6537023796875 0.28257658750000003 0.6375092578125 0.26670313437500004 0.6303123171875 0.262819221875 0.6274058499999999 0.2606239546875 0.6376476578125 0.26602767968749996 0.658408075 0.2695738765625 0.6748780078125 0.2785237921875 0.68636544375 0.294734959375 0.694531209375 0.3136479921875 0.6948080109375
3 0.2333387 0.5542165781249999 0.233867875 0.5644085796875 0.23624909375 0.5852262640625 0.2333387 0.59975526875 0.22778249218750002 0.6110315265625 0.2169850234375 0.6263151890625 0.3145652390625 0.620122015625 0.3010715828125 0.60364135 0.28995915625 0.581322940625 0.28202170937500004 0.564842275 0.28096338906249996 0.5513975249999999 0.28466752500000003 0.537302215625 0.2664114046875 0.540988675 0.25053650156249996 0.5396875734375 0.2404824140625 0.5431571843749999 0.2333387 0.5542165781249999
3 0.2768135609375 0.4972340328125 0.285686684375 0.4698225640625 0.3095759734375 0.4373763265625 0.20922407812500002 0.43963564999999993 0.22050314062499998 0.4516414796875 0.2290350203125 0.4656269296875 0.239273275 0.48632539843749995 0.232447771875 0.5126180265625 0.23995584218750002 0.52520493125 0.25667830625 0.531358540625 0.27374205156250003 0.5302397015625 0.2734008078125 0.52520493125 0.2768135609375 0.4972340328125
0 0.3820935609375 0.8816004156249999 0.38025327343750004 0.87039593125 0.37157764531250004 0.8613461390625 0.35843275 0.8619925421874999 0.35448928125 0.8609151875000001 0.3589585375 0.841738265625 0.366845475 0.829456425 0.40102219687499996 0.8232077625 0.42757489687500005 0.8130806328125001 0.44440036093749996 0.79196446875 0.44860672968750004 0.7661079484375 0.43993109218750004 0.7415442515625 0.4175847734375 0.7286159921875 0.39734163749999996 0.7208590390625 0.382882253125 0.71180925625 0.356329559375 0.715687740625 0.32872527812499996 0.7249529921875 0.32004964999999996 0.7432680265625 0.3171577765625 0.7579200609375001 0.30480156406250003 0.7699864328125 0.269310346875 0.78571580625 0.25038170625 0.7876550484375 0.237975225 0.78119091875 0.225881925 0.7829146921875 0.211948328125 0.7893788234375 0.19819334375 0.796093140625 0.194921778125 0.8885379203125 0.211152371875 0.890695803125 0.23428739531249998 0.898452771875 0.2555821203125 0.911165546875 0.2689899109375 0.92215458125 0.2984920296875 0.92275535625 0.3389783015625 0.9134901296875 0.36842286875 0.9033629671875 0.375258209375 0.8889264156250001 0.3820935609375 0.8816004156249999
4 0.44587245312499996 0.7372864984375 0.45221163437499995 0.7500393421875 0.458550846875 0.7645240515625 0.45816665156249997 0.7813704 0.45298004062499997 0.793178590625 0.45374842343750005 0.800106078125 0.4641216609375 0.7985316515625 0.46892408281250003 0.7950679203125001 0.4699083671875 0.7867922921875 0.469116178125 0.7643666234375 0.45931923750000003 0.7401204578125 0.456821978125 0.7349248609375 0.45346000468750003 0.7296351249999999 0.4505869734375 0.7261649890624999 0.44151425 0.720216203125 0.4425727234375 0.7286436546874999 0.44408484374999996 0.732981321875 0.44587245312499996 0.7372864984375
5 0.3463302578125 0.7024313515625 0.35933449375 0.6978458125 0.3792944875 0.6964825484375 0.4108978109375 0.7035467453125 0.4376059859375 0.7147484546875 0.4253031703125 0.702803146875 0.3910890265625 0.69053374375 0.380050546875 0.6870636171875 0.35963691249999996 0.6853285484375 0.346632678125 0.68284988125 0.3293945 0.684337078125 0.3231948078125 0.689666215625 0.326975109375 0.6984654796875 0.33423329375 0.6999526859375 0.3463302578125 0.7024313515625
0 0.3161776015625 0.3387377859375 0.3270584359375 0.3437993078125 0.341468184375 0.3483787859375 0.35823055 0.351271078125 0.3707287984375 0.34982493125 0.38381520625 0.3411480359375 0.40468207187500005 0.329774384375 0.4222908171875 0.30776540625000004 0.42801367343749996 0.28503480625 0.41524732656249996 0.2633866265625 0.3945570453125 0.242099271875 0.3660221265625 0.24029525624999998 0.34181009218749997 0.23524400937499998 0.3277230828125 0.22081188906250002 0.3281633203125 0.2020501171875 0.3413698796875 0.1980812890625 0.348413371875 0.188700415625 0.3404894390625 0.16813465625 0.32992417500000004 0.15658894375000001 0.2691740125 0.14251762031249998 0.23131521562500001 0.14468246093749998 0.19917925625 0.16596981718749998 0.171005221875 0.17679390625 0.17195337500000002 0.26712875937499997 0.1836923015625 0.27060268593750003 0.19073579375 0.2770971515625 0.206143446875 0.27998358749999996 0.2162684890625 0.273489121875 0.22903483750000003 0.275653934375 0.273056703125 0.28503480625 0.30079044062500004 0.30415737656249997 0.3060731015625 0.32688795000000004 0.3161776015625 0.3387377859375
4 0.43205941406250004 0.2763141265625 0.43373876562499997 0.28746292812499996 0.4339066984375 0.2969600609375 0.43340289375 0.30081396250000003 0.431891475 0.314853203125 0.4303926640625 0.3318008375 0.4396164953125 0.3177436328125 0.44499041874999995 0.2972353359375 0.447341509375 0.2803056640625 0.447341509375 0.26557823593749996 0.44666976875 0.25635638906249997 0.441295846875 0.25305303281249997 0.4349143125 0.25291539531249996 0.430044190625 0.2547047078125 0.4302121234375 0.2648900375 0.43205941406250004 0.2763141265625
5 0.346672159375 0.364945225 0.342086784375 0.36383988125 0.335208725 0.3616291921875 0.3281958046875 0.35886583125 0.3207782875 0.358534225 0.31632777343749996 0.36063437187499997 0.31268645156249997 0.3626239953125 0.311472675 0.365608421875 0.311472675 0.368924453125 0.3137895359375 0.373884015625 0.317811275 0.3780988140625 0.3251477171875 0.37912040937499997 0.33934545625 0.3781022234375 0.35922229843750003 0.37621129375 0.38051890781250003 0.3712658078125 0.396668834375 0.3655930421875 0.41104404843750003 0.357156603125 0.422238084375 0.345030578125 0.42080499375 0.345083771875 0.40802702812499997 0.35032017656250003 0.39832504375 0.3562130125 0.39158185 0.3594185203125 0.3855129734375 0.3609659953125 0.37742113593750004 0.363508290625 0.36717147968749997 0.364724159375 0.354629134375 0.36527683125 0.346672159375 0.364945225