1 0.06905594375 0.097425190625 0.277972028125 0.081767571875 0.25174825156249997 0.06089074531250001 0.203671328125 0.046972859374999995 0.16520979062500002 0.0434933890625 0.10576923125 0.0400139171875 0.08129370625 0.0521920671875 0.072552446875 0.069589421875 0.0638111890625 0.081767571875 0.06555944062499999 0.09829505937500001 0.06905594375 0.097425190625
1 0.5620629375 0.0826374390625 0.759615384375 0.1165622828125 0.765734265625 0.1052540015625 0.75611888125 0.08350730625 0.7447552453124999 0.06089074531250001 0.71940559375 0.04436325625 0.6984265734374999 0.04436325625 0.6625874125 0.045233125 0.6267482515625 0.0487125953125 0.59965035 0.059151009374999994 0.5620629375 0.0826374390625
0 0.172202796875 0.4923451640625 0.20104895156249997 0.47755741093750004 0.23076923124999998 0.47320807187499997 0.24038461562500002 0.4497216421875 0.2421328671875 0.41927627031250003 0.22465035000000003 0.40274878281250004 0.215909090625 0.383611690625 0.1826923078125 0.36621433593749997 0.15559440625 0.36969380625000003 0.1293706296875 0.3827418234375 0.1127622375 0.40361865 0.11538461562499999 0.4297146828125 0.10052447499999999 0.43754349374999996 0.09353146875 0.4323242859375 0.0769230765625 0.4201461375 0.051573426562500004 0.4201461375 0.034965034374999995 0.4244954765625 0.0236013984375 0.44885177499999995 0.008741259375000001 0.4723382046875 0.0043706296875000005 0.5001739734374999 0.008741259375000001 0.524530271875 0.01923076875 0.53235908125 0.0367132859375 0.557585246875 0.0454545453125 0.596729296875 0.05681818125 0.635873346875 0.1389860140625 0.6341336109375 0.1381118875 0.6323938765625 0.1424825171875 0.6176061234375 0.1547202796875 0.6062978421875 0.1678321671875 0.5854210156249999 0.1730769234375 0.5697633953125 0.1617132859375 0.5532359078125 0.1459790203125 0.5393180234375 0.1573426578125 0.5106123874999999 0.172202796875 0.4923451640625
2 0.28758741250000003 0.5427974953125 0.2945804203125 0.5506263046875 0.3076923078125 0.5567153796875 0.33741258749999997 0.5427974953125 0.35227272656249997 0.5332289484375 0.3479020984375 0.5062630484375 0.32604895156249997 0.47581767499999994 0.309440559375 0.46363952656249996 0.28321678281249996 0.46363952656249996 0.28059440625 0.48190675 0.2770979015625 0.49930410625 0.2797202796875 0.5193110640625 0.28758741250000003 0.5427974953125
3 0.375 0.44798190625 0.34965035 0.445372303125 0.35576923125 0.5932498265625 0.366258740625 0.5810716765625 0.3889860140625 0.5584551140625 0.40122377656249997 0.5506263046875 0.40646853125 0.5384481562500001 0.4073426578125 0.5254001390624999 0.41258741250000003 0.4949547671875 0.409965034375 0.4697286015625 0.4073426578125 0.4575504515625 0.375 0.44798190625
4 0.1678321671875 0.35374623125000004 0.19114219062499999 0.3543261421875 0.20571095625 0.361285084375 0.2261072265625 0.37114358593749996 0.2459207453125 0.3798422640625 0.240675990625 0.367664115625 0.2208624703125 0.3578056140625 0.20629370625000001 0.3514265828125 0.18589743593750002 0.3467872890625 0.16899766875 0.3479471125 0.1456876453125 0.3485270234375 0.13694638750000002 0.356065878125 0.146853146875 0.36012526093749997 0.1678321671875 0.35374623125000004
5 0.252331003125 0.378682440625 0.25641025625 0.4030387375 0.2616550109375 0.4250753890625 0.259906759375 0.4372535375 0.25582750625 0.445372303125 0.26340326406250003 0.462769659375 0.2826340328125 0.4639294828125 0.28321678281249996 0.45639062812500003 0.28613053593750004 0.44595221562500004 0.284382284375 0.43667362499999995 0.2773892765625 0.4256553 0.27272727343750003 0.4105775921875 0.26806526875 0.4018789140625 0.2628205125 0.3879610296875 0.252331003125 0.378682440625
2 0.4801864796875 0.5167014609375 0.4761072265625 0.5381582 0.4871794875 0.5462769656249999 0.49650349687500006 0.552076084375 0.5046620046875 0.557295290625 0.5168997671875 0.56019485 0.5308857812500001 0.5578752031249999 0.5425407921875001 0.541637671875 0.5477855484374999 0.5155416374999999 0.5547785546874999 0.48828577968750003 0.553030303125 0.46856877812500003 0.5320512828124999 0.46798886562500003 0.51864801875 0.4755277203125 0.5046620046875 0.4865460453125 0.491258740625 0.5051032249999999 0.4801864796875 0.5167014609375
3 0.44347319374999994 0.563094409375 0.45337995312499996 0.5787520296875 0.474941725 0.6025284156249999 0.4766899765625 0.4552308046875 0.45454545468749996 0.45871027656249996 0.4376456875 0.4558107171875 0.4230769234375 0.4592901875 0.41899766875 0.47088842499999994 0.41899766875 0.48712595625 0.421328671875 0.506842959375 0.421328671875 0.5288796109375 0.4207459203125 0.5509162609375 0.44347319374999994 0.563094409375
0 0.7952047953125 0.4513371109375 0.7712287718749999 0.43791629375 0.7497502500000001 0.44885177499999995 0.7296037296875 0.4592901875 0.7202797203125 0.4523312453125 0.7179487171875001 0.4337740671875 0.709790209375 0.4105775921875 0.6981351984375 0.3989793546875 0.68065268125 0.38506147031250004 0.652680653125 0.378102528125 0.621212121875 0.383901646875 0.60606060625 0.4047784734375 0.5920745921874999 0.423335653125 0.5862470859375 0.45001159843750005 0.589743590625 0.47088842499999994 0.603729603125 0.48248666250000005 0.61888111875 0.48248666250000005 0.6468531468750001 0.4813268375 0.6608391609375001 0.4998840171875 0.6666666671875 0.5172813734374999 0.6678321671874999 0.5393180234375 0.6643356640625 0.5485966140625 0.6631701640625 0.55439573125 0.652680653125 0.5613546734375 0.6480186484375 0.579911853125 0.6480186484375 0.5949895609375 0.653846153125 0.6147065640625 0.66899766875 0.62166550625 0.6794871796875 0.6402226859375 0.7517482515625 0.6402226859375 0.7575757578125 0.6239851546875 0.76923076875 0.585710971875 0.7925407921875001 0.5671537921875001 0.8123543124999999 0.5462769656249999 0.8111888109375001 0.51612155 0.7983682984375 0.4836464859375 0.796037296875 0.462769659375 0.7952047953125 0.4513371109375
4 0.59290709375 0.3792623515625 0.5869130874999999 0.38820956406249996 0.6073926078125 0.381250621875 0.6288711296875 0.3732975453125 0.6533466531250001 0.3643503328125 0.671828171875 0.370315140625 0.6878121875 0.3742916796875 0.69330669375 0.3688239390625 0.6758241765624999 0.3603737953125 0.652847153125 0.3603737953125 0.6378621375 0.3603737953125 0.6143856140625 0.3698180734375 0.59290709375 0.3792623515625
5 0.558941059375 0.46774033125000003 0.565934065625 0.4682374 0.565934065625 0.4657520625 0.5649350656250001 0.456307784375 0.5634365640625 0.447857640625 0.5634365640625 0.43443682343749995 0.565934065625 0.42499254375 0.5679320671875 0.4085893234375 0.5674325671875 0.397156775 0.5584415578125 0.4105775921875 0.55694305625 0.42250720781249995 0.55694305625 0.425986678125 0.553946053125 0.4374192265625 0.55044955 0.4473605734375 0.5484515484375 0.45730191875 0.5489510484375 0.46227259218750005 0.558941059375 0.46774033125000003