1 0.260990928125 0.085957446875 0.2379623171875 0.08425531875 0.21214235937499998 0.08 0.189811584375 0.07574468125 0.162595953125 0.08425531875 0.14584787187499998 0.09617021249999999 0.1318911375 0.12085106406249999 0.12072575 0.1506382984375 0.1172365671875 0.1770212765625 0.30704815 0.1412765953125 0.28960223281249997 0.106382978125 0.2784368453125 0.0953191484375 0.260990928125 0.085957446875
1 0.7424982546875001 0.085957446875 0.7159804609375 0.07574468125 0.6775994421875 0.0706382984375 0.6489881375000001 0.07829787187500001 0.618283321875 0.0910638296875 0.601535240625 0.12085106406249999 0.58827634375 0.142127659375 0.8004187015625 0.17276595781249998 0.7920446609375 0.1429787234375 0.77529658125 0.10723404218749999 0.7424982546875001 0.085957446875
5 0.326587578125 0.5565957453125 0.31821353750000003 0.5310638296875 0.3091416609375 0.5029787234375 0.300069784375 0.49191489375 0.3042568046875 0.5208510640624999 0.3084438234375 0.546382978125 0.3091416609375 0.5617021281250001 0.3063503140625 0.5787234046874999 0.3084438234375 0.5889361703125 0.3251919046875 0.5787234046874999 0.326587578125 0.5565957453125
5 0.601535240625 0.5608510640625 0.59944173125 0.5489361703125 0.5973482203125 0.53191489375 0.6001395671875 0.5072340421875 0.591067690625 0.5310638296875 0.5924633640625 0.5472340421874999 0.5875785062500001 0.5608510640625 0.584787159375 0.5710638296874999 0.585484996875 0.5812765953125 0.595952546875 0.58808510625 0.6043265875 0.5787234046874999 0.601535240625 0.5608510640625
4 0.7076064203125 0.465531915625 0.7236566640625 0.47148936093750005 0.725750175 0.46042553125 0.7208653171875 0.45191489375 0.69713886875 0.44765957500000003 0.672714584375 0.4468085109375 0.6552686671875 0.45106382968750003 0.635031403125 0.457872340625 0.6336357296874999 0.4748936171875 0.651779484375 0.4612765953125 0.67620376875 0.45702127656249997 0.6887648296875 0.454468084375 0.7076064203125 0.465531915625
4 0.2672714578125 0.4731914890625 0.283321703125 0.48 0.2728541515625 0.465531915625 0.256106071875 0.4553191484375 0.2351709703125 0.44510638281250003 0.2135380328125 0.4485106390625 0.20027913437499997 0.454468084375 0.189113746875 0.45957446874999996 0.18841591093750001 0.47148936093750005 0.19190509375 0.47744680781250004 0.198185625 0.4689361703125 0.21493370625 0.45872340468750006 0.23307745937500002 0.457872340625 0.249825540625 0.4612765953125 0.2672714578125 0.4731914890625
0 0.2260990921875 0.737872340625 0.23586880625 0.7234042546875 0.244940684375 0.7089361703125 0.244940684375 0.694468084375 0.239357990625 0.6765957453125 0.2240055828125 0.669787234375 0.22540125625 0.6587234046875 0.23028611250000003 0.629787234375 0.2435450109375 0.6161702124999999 0.263782275 0.610212765625 0.2875087234375 0.5991489359375 0.29099790625 0.58042553125 0.2951849265625 0.55574468125 0.2923935796875 0.5268085109375 0.28611305 0.5046808515625 0.2707606421875 0.48510638281249996 0.24633635781250002 0.4731914890625 0.21632937968750002 0.47234042499999995 0.19190509375 0.4834042546875 0.1723656671875 0.5114893609375 0.167480809375 0.54042553125 0.156315421875 0.5668085109375001 0.156315421875 0.5472340421874999 0.1556175859375 0.5370212765625 0.139567340625 0.5361702125 0.11235170937500001 0.5395744687499999 0.090718771875 0.549787234375 0.08304256875 0.5634042546875 0.077459875 0.5991489359375 0.07117934375 0.625531915625 0.0788555484375 0.65957446875 0.09560362812499999 0.678297871875 0.10467550625 0.6885106390625 0.11514305625000001 0.7191489359375 0.1249127703125 0.7446808515625001 0.133984646875 0.785531915625 0.21423586874999997 0.7812765953125 0.2135380328125 0.7676595749999999 0.2177250515625 0.7506382984375 0.2260990921875 0.737872340625
2 0.3782274953125 0.6536170218749999 0.392184228125 0.6468085109375 0.3998604328125 0.6289361703125 0.3914863921875 0.6119148937500001 0.3726448015625 0.5965957453125 0.354501046875 0.5846808515624999 0.34124215 0.5838297875 0.32798325156249997 0.5838297875 0.32449406875000003 0.594042553125 0.3314724359375 0.6331914890625 0.344033496875 0.6561702125 0.3586880671875 0.6638297875 0.3782274953125 0.6536170218749999
3 0.43754361406250003 0.654468084375 0.44521981874999994 0.6408510640625 0.45010467500000007 0.622127659375 0.447313328125 0.5906382984375 0.447313328125 0.5761702125 0.42916957499999997 0.5710638296874999 0.4159106765625 0.5685106390625 0.3991625953125 0.5659574468749999 0.3991625953125 0.702127659375 0.415212840625 0.6834042546875 0.4242847171875 0.6646808515625 0.43754361406250003 0.654468084375
0 0.8136775999999999 0.6680851062500001 0.8304256796875 0.6408510640625 0.8374040468749999 0.6110638296875 0.8339148640625 0.5829787234375 0.82903000625 0.5531914890625 0.8227494765625 0.53191489375 0.8115840890625 0.5191489359375 0.7920446609375 0.512340425 0.77459874375 0.512340425 0.755059315625 0.512340425 0.7431960921874999 0.5191489359375 0.733426378125 0.497872340625 0.7159804609375 0.4808510640625 0.695045359375 0.46978723437500003 0.6685275640625 0.46978723437500003 0.646196790625 0.4808510640625 0.6329378921875 0.4953191484375 0.6140963015625001 0.5234042546875 0.6161898109374999 0.5489361703125 0.6161898109374999 0.5710638296874999 0.6245638515625 0.5855319156250001 0.63782275 0.613617021875 0.6608513609375 0.6187234046875 0.678297278125 0.613617021875 0.6838799718749999 0.62808510625 0.6985345421875 0.6553191484374999 0.69783670625 0.66042553125 0.6831821359375 0.6689361703125 0.67620376875 0.694468084375 0.6817864625000001 0.71574468125 0.700628053125 0.734468084375 0.7076064203125 0.7497872343750001 0.71388695 0.7625531921875 0.7180739703125 0.7770212765625 0.71946964375 0.7846808515625 0.794138171875 0.785531915625 0.793440334375 0.7327659578125 0.805303559375 0.70042553125 0.8136775999999999 0.6680851062500001
2 0.57641311875 0.5846808515624999 0.5645498953125 0.5838297875 0.5401256109375 0.594042553125 0.5233775296875 0.6 0.5122121421875 0.613617021875 0.5101186328125 0.626382978125 0.5184926734374999 0.6468085109375 0.5505931609375 0.6561702125 0.5694347515625 0.6553191484374999 0.5819958125 0.626382978125 0.5833914859375 0.6093617015625 0.58827634375 0.5897872343749999 0.57641311875 0.5846808515624999
3 0.482903 0.567659575 0.47452896093749997 0.5668085109375001 0.46824842968749997 0.5753191484375 0.464061409375 0.5855319156250001 0.458478715625 0.6051063828125 0.4626657359375 0.6348936171874999 0.4710397765625 0.650212765625 0.49337055156250004 0.6706382984375 0.5094207953125001 0.6927659578124999 0.5108164687500001 0.56425531875 0.4989532453125 0.5685106390625 0.49476622499999995 0.5685106390625 0.482903 0.567659575