1 0.8681088625 0.8791489359375 0.8792742499999999 0.8493617015625 0.8827634328125 0.8229787234374999 0.69295185 0.8587234046875001 0.7103977671874999 0.893617021875 0.7215631546875 0.9046808515625001 0.739009071875 0.9140425531249999 0.7620376828125 0.91574468125 0.787857640625 0.9199999999999999 0.810188415625 0.92425531875 0.8374040468749999 0.91574468125 0.8541521281250001 0.9038297875 0.8681088625 0.8791489359375
1 0.41172365624999996 0.8578723406250001 0.1995812984375 0.8272340421875001 0.20795533906250002 0.8570212765624999 0.22470341875000002 0.8927659578125 0.25750174531250003 0.9140425531249999 0.2840195390625 0.92425531875 0.3224005578125 0.9293617015625 0.3510118625 0.921702128125 0.381716678125 0.9089361703125001 0.39846475937500003 0.8791489359375 0.41172365624999996 0.8578723406250001
5 0.6908583390625 0.43829787187499997 0.6936496859375 0.42127659531250006 0.6915561765625 0.4110638296875 0.6748080953125 0.42127659531250006 0.673412421875 0.4434042546875 0.6817864625000001 0.4689361703125 0.6908583390625 0.4970212765625 0.699930215625 0.50808510625 0.6957431953125 0.4791489359375 0.6915561765625 0.45361702187499997 0.6908583390625 0.43829787187499997
5 0.41242149375 0.4391489359375 0.415212840625 0.42893617031250003 0.414515003125 0.4187234046875 0.404047453125 0.41191489375 0.3956734125 0.42127659531250006 0.39846475937500003 0.4391489359375 0.40055826874999995 0.45106382968750003 0.4026517796875 0.46808510625000005 0.3998604328125 0.4927659578125 0.408932309375 0.4689361703125 0.4075366359375 0.4527659578125 0.41242149375 0.4391489359375
4 0.3447313328125 0.5489361703125 0.364968596875 0.542127659375 0.36636427031249996 0.5251063828125 0.348220515625 0.5387234046875 0.32379623125 0.5429787234375001 0.3112351703125 0.545531915625 0.2923935796875 0.534468084375 0.2763433359375 0.5285106390625 0.274249825 0.5395744687499999 0.2791346828125 0.5480851062500001 0.30286113124999997 0.5523404249999999 0.327285415625 0.5531914890625 0.3447313328125 0.5489361703125
4 0.799720865625 0.545531915625 0.8108862531250001 0.54042553125 0.8115840890625 0.5285106390625 0.80809490625 0.5225531921875 0.801814375 0.5310638296875 0.78506629375 0.5412765953124999 0.766922540625 0.542127659375 0.7501744593749999 0.5387234046875 0.7327285421874999 0.5268085109375 0.716678296875 0.52 0.7271458484375 0.534468084375 0.743893928125 0.5446808515625 0.7648290296875 0.5548936171875 0.7864619671875 0.5514893609375 0.799720865625 0.545531915625
0 0.77459874375 0.3412765953125 0.7697138875 0.370212765625 0.7564549890625 0.38382978749999996 0.736217725 0.389787234375 0.7124912765625 0.40085106406250004 0.70900209375 0.41957446875000004 0.7048150734374999 0.44425531874999996 0.7076064203125 0.4731914890625 0.71388695 0.4953191484375 0.7292393578125 0.5148936171875 0.7536636421875 0.5268085109375 0.7836706203125 0.527659575 0.80809490625 0.5165957453125001 0.8276343328125 0.48851063906250003 0.832519190625 0.45957446874999996 0.843684578125 0.4331914890625 0.843684578125 0.4527659578125 0.8443824140625 0.46297872343749996 0.860432659375 0.46382978750000003 0.8876482906250001 0.46042553125 0.909281228125 0.450212765625 0.91695743125 0.43659574531249995 0.922540125 0.40085106406250004 0.9288206562499999 0.374468084375 0.9211444515625 0.34042553125 0.904396371875 0.321702128125 0.8953244937499999 0.3114893609375 0.88485694375 0.28085106406250004 0.8750872296875001 0.25531914843750003 0.866015353125 0.21446808437499998 0.78576413125 0.2187234046875 0.7864619671875 0.232340425 0.7822749484375 0.24936170156249998 0.7739009078125 0.26212765937500004 0.76413119375 0.2765957453125 0.755059315625 0.2910638296875 0.755059315625 0.305531915625 0.7606420093749999 0.3234042546875 0.7759944171875001 0.330212765625 0.77459874375 0.3412765953125
2 0.65875785 0.41617021249999997 0.6720167484374999 0.41617021249999997 0.67550593125 0.405957446875 0.6685275640625 0.3668085109375 0.6559665031249999 0.3438297875 0.6413119328125 0.3361702125 0.6217725046875 0.34638297812499996 0.607815771875 0.3531914890625 0.6001395671875 0.3710638296875 0.6085136078125 0.38808510625000003 0.6273551984375 0.40340425468749996 0.6454989531249999 0.4153191484375 0.65875785 0.41617021249999997
3 0.5840893234375 0.4314893609375 0.6008374046875 0.434042553125 0.6008374046875 0.297872340625 0.584787159375 0.3165957453125 0.5757152828125001 0.3353191484375 0.5624563859375 0.34553191562499996 0.5547801812500001 0.3591489359375 0.5498953249999999 0.377872340625 0.552686671875 0.4093617015625 0.552686671875 0.4238297875 0.570830425 0.42893617031250003 0.5840893234375 0.4314893609375
0 0.18841591093750001 0.4808510640625 0.20795533906250002 0.487659575 0.22540125625 0.487659575 0.244940684375 0.487659575 0.2568039078125 0.4808510640625 0.266573621875 0.5021276593749999 0.2840195390625 0.5191489359375 0.304954640625 0.530212765625 0.3314724359375 0.530212765625 0.353803209375 0.5191489359375 0.3670621078125 0.5046808515625 0.3859036984375 0.4765957453125 0.3838101890625 0.45106382968750003 0.3838101890625 0.42893617031250003 0.3754361484375 0.414468084375 0.36217725 0.386382978125 0.3391486390625 0.3812765953125 0.32170272187500004 0.386382978125 0.316120028125 0.37191489375 0.3014654578125 0.3446808515625 0.30216329375 0.33957446875 0.3168178640625 0.33106382968750003 0.32379623125 0.305531915625 0.31821353750000003 0.28425531875 0.299371946875 0.265531915625 0.2923935796875 0.250212765625 0.28611305 0.2374468078125 0.2819260296875 0.22297872343749997 0.28053035625 0.21531914843750002 0.20586182812499998 0.21446808437499998 0.206559665625 0.2672340421875 0.194696440625 0.29957446875 0.1863224 0.33191489375 0.1695743203125 0.3591489359375 0.162595953125 0.3889361703125 0.16608513593750002 0.4170212765625 0.17096999375 0.4468085109375 0.1772505234375 0.46808510625000005 0.18841591093750001 0.4808510640625
2 0.4815073265625 0.3531914890625 0.4494068390625 0.3438297875 0.4305652484375 0.3446808515625 0.41800418749999996 0.373617021875 0.41660851406250005 0.3906382984375 0.41172365624999996 0.41021276562500003 0.42358688125 0.4153191484375 0.4354501046875 0.41617021249999997 0.4598743890625 0.405957446875 0.47662247031250005 0.4 0.4877878578125 0.386382978125 0.48988136718749997 0.373617021875 0.4815073265625 0.3531914890625
3 0.5289602234374999 0.34978723437500003 0.5066294484375 0.3293617015625 0.4905792046875 0.3072340421875 0.48918353124999997 0.43574468125 0.5010467546874999 0.4314893609375 0.505233775 0.4314893609375 0.5170969999999999 0.43234042500000003 0.5254710390625 0.4331914890625 0.5317515703125 0.4246808515625 0.535938590625 0.414468084375 0.541521284375 0.3948936171875 0.5373342640625001 0.36510638281249996 0.5289602234374999 0.34978723437500003