4 0.458156028125 0.7096223921875 0.4624113484375 0.7255175625 0.4704491734375 0.7375358609375 0.47848699687499996 0.7487787859374999 0.49172576875 0.7449019156250001 0.4765957453125 0.7352097390625 0.46950354531249994 0.714662325 0.46572104062499997 0.6960533453125 0.46903073281249996 0.6712413734375 0.47328605156250003 0.6576723265625 0.47612293125000005 0.6448786531249999 0.46335697343750004 0.64255253125 0.4553191484375 0.6506939593750001 0.4529550828125 0.6727921218749999 0.450118203125 0.692176475 0.458156028125 0.7096223921875
5 0.5475177312499999 0.5894394046875 0.527659575 0.59409165 0.517730496875 0.5971931453125 0.505910165625 0.6049468874999999 0.5191489359375 0.6041715125 0.5442080375 0.6041715125 0.5612293140625 0.6045592 0.578250590625 0.6088237578125 0.5891252953125 0.6088237578125 0.5985815609375 0.603783825 0.5985815609375 0.5925409015625 0.598108746875 0.5840117859375 0.5872340421875 0.5855625343749999 0.5678487 0.58827634375 0.5475177312499999 0.5894394046875
4 0.4486997640625 0.2327673109375 0.4453900703125 0.21958595 0.440189125 0.1986508484375 0.4392434984375 0.187407925 0.4472813234375 0.1645343875 0.45768321562500003 0.14980227968749998 0.4614657203125 0.139334728125 0.4468085109375 0.13507017187499998 0.4397163125 0.145925409375 0.4387706859375 0.162208265625 0.434042553125 0.175389625 0.434042553125 0.1982631625 0.4349881796875 0.2215243859375 0.4486997640625 0.2327673109375
5 0.5390070921875 0.29092036875 0.554137115625 0.29092036875 0.5730496453125 0.29247111718749996 0.5810874703125 0.282778940625 0.5806146562500001 0.276963634375 0.5678487 0.2750252 0.5565011828124999 0.2734744515625 0.5451536640625 0.27851438281249996 0.5290780140625 0.28045281875 0.5087470453125 0.28200356718749997 0.497872340625 0.2847173765625 0.52434988125 0.287818871875 0.5390070921875 0.29092036875
2 0.6799054375 0.3370551296875 0.6695035453125 0.320772271875 0.6430260046875 0.30720322499999997 0.6047281328125 0.2971233625 0.590070921875 0.294409553125 0.5910165484375 0.3002248578125 0.5952718671875 0.31689540156249996 0.6085106390624999 0.34248274843750004 0.6260047281250001 0.362642475 0.6449172578125 0.373110025 0.6633569734375 0.37000852968750003 0.6775413703125001 0.35876560468749996 0.6799054375 0.3370551296875
3 0.6955082734375 0.41730634999999994 0.7068557921874999 0.3967589359375 0.72434988125 0.38396526249999996 0.7385342796875001 0.3723346515625 0.585815603125 0.3719469640625 0.589598109375 0.3862913859375 0.591962175 0.40296192968750005 0.5910165484375 0.4169186640625 0.6 0.42777390156250006 0.6127659578125 0.42854927500000006 0.63593380625 0.4301000234375 0.6572104015625 0.4281615875 0.6846335703124999 0.4281615875 0.6955082734375 0.41730634999999994
2 0.6094562640625 0.5382647125 0.6014184390625 0.5642397453125 0.59621749375 0.579359540625 0.60378250625 0.5836240984375001 0.6406619390625 0.5828487250000001 0.6614657203125 0.5731565484375001 0.6836879437500001 0.563464371875 0.6950354609375 0.5502830109375 0.6931442078125001 0.5320617203125 0.6799054375 0.5095758703125 0.6609929078125 0.49484376250000006 0.642080378125 0.502209815625 0.621749409375 0.5177172984375 0.6094562640625 0.5382647125
3 0.594326240625 0.4688687296875 0.593853428125 0.483988525 0.591962175 0.49484376250000006 0.742316784375 0.49329301406250003 0.7210401890625 0.4770101578125 0.7026004734375 0.4599519265625 0.6903073281250001 0.44134294843750005 0.6671394796875 0.437078390625 0.634042553125 0.4397922 0.610401890625 0.43901682500000005 0.6009456265625001 0.4401798875 0.5929078015625 0.44793362812500004 0.594326240625 0.4688687296875
0 0.634042553125 0.6912072578124999 0.6170212765625 0.673761340625 0.615957446875 0.6467201671875 0.5925531921875 0.6301465453125 0.5617021281250001 0.6170621078125 0.5265957453125 0.6222958828125 0.5010638296875001 0.6301465453125 0.48191489374999996 0.6528262390624999 0.47553191562499997 0.6851011859375 0.4829787234375 0.7182484296875 0.5021276593749999 0.73656664375 0.5234042546875 0.74703419375 0.552127659375 0.7540125609375 0.5670212765625 0.771458478125 0.5617021281250001 0.794138171875 0.5414893609375 0.80547801875 0.5393617015625 0.8124563859375 0.5606382984375 0.84124215 0.5872340421875 0.8534542921874999 0.61808510625 0.8578157718750001 0.656382978125 0.8578157718750001 0.6787234046874999 0.8499651078125 0.7106382984375 0.832519190625 0.7372340421875 0.82641311875 0.7829787234375 0.8185624562499999 0.8117021281250001 0.8185624562499999 0.834042553125 0.8168178640624999 0.8361702125000001 0.7287159796875 0.8117021281250001 0.7199930218749999 0.7946808515625 0.7051639921875 0.784042553125 0.6877180734375 0.7585106390624999 0.684228890625 0.73191489375 0.6851011859375 0.715957446875 0.6920795531249999 0.6989361703125 0.7103977671874999 0.6627659578125 0.7060362875 0.634042553125 0.6912072578124999
0 0.54042553125 0.0945568734375 0.5414893609375 0.12072575 0.525531915625 0.132065596875 0.4968085109375 0.14253314687500002 0.46063829843750004 0.1695743203125 0.456382978125 0.20882763437500002 0.47234042499999995 0.24197487812500001 0.5021276593749999 0.25854849999999996 0.538297871875 0.2602930921875 0.5861702125 0.2402302859375 0.6031914890625 0.219295184375 0.606382978125 0.200104675 0.622340425 0.18440335000000002 0.6638297875 0.1713189109375 0.6819148937499999 0.17044661562500002 0.7010638296875 0.18440335000000002 0.7212765953125 0.18702023750000002 0.7531914890625 0.18440335000000002 0.788297871875 0.15387299375000002 0.8382978718749999 0.14253314687500002 0.8372340421875 0.060537334374999995 0.7872340421875 0.058792742187500004 0.7265957453125 0.051814375 0.674468084375 0.0369853453125 0.647872340625 0.019539428125 0.597872340625 0.016050243750000002 0.552127659375 0.0212840203125 0.5351063828125 0.0291346828125 0.51808510625 0.0596650390625 0.527659575 0.0814724359375 0.54042553125 0.0945568734375
1 0.12872340468750001 0.5682135374999999 0.0691489359375 0.6109560359375 0.05106382968749999 0.67027215625 0.05425531875 0.722609909375 0.07765957500000001 0.7880321 0.1074468078125 0.824668528125 0.1425531921875 0.8490928125 0.1851063828125 0.8743893921874999 0.220212765625 0.8726448015624999 0.12872340468750001 0.5682135374999999
1 0.0553191484375 0.3169923234375 0.07765957500000001 0.344033496875 0.11276595781250001 0.3475226796875 0.16702127656250002 0.025645498437499997 0.14787234062500001 0.0204117234375 0.1234042546875 0.032623865625 0.088297871875 0.0614096296875 0.056382978125000004 0.101535240625 0.026595745312500002 0.13293789218750002 0.01808510625 0.17306350312500002 0.020212765625 0.2245289609375 0.0372340421875 0.2733775296875 0.0553191484375 0.3169923234375