4 0.2903776078125 0.458156028125 0.2744824375 0.4624113484375 0.2624641390625 0.4704491734375 0.2512212140625 0.47848699687499996 0.25509808437500003 0.49172576875 0.2647902609375 0.4765957453125 0.28533767499999996 0.46950354531249994 0.3039466546875 0.46572104062499997 0.3287586265625 0.46903073281249996 0.3423276734375 0.47328605156250003 0.35512134687499997 0.47612293125000005 0.35744746875 0.46335697343750004 0.34930604062500004 0.4553191484375 0.32720787812499996 0.4529550828125 0.307823525 0.450118203125 0.2903776078125 0.458156028125
5 0.4105605953125 0.5475177312499999 0.40590835 0.527659575 0.4028068546875 0.517730496875 0.39505311249999997 0.505910165625 0.3958284875 0.5191489359375 0.3958284875 0.5442080375 0.3954408 0.5612293140625 0.39117624218749997 0.578250590625 0.39117624218749997 0.5891252953125 0.396216175 0.5985815609375 0.4074590984375 0.5985815609375 0.41598821406250003 0.598108746875 0.414437465625 0.5872340421875 0.41172365624999996 0.5678487 0.4105605953125 0.5475177312499999
4 0.7672326890625001 0.4486997640625 0.78041405 0.4453900703125 0.8013491515625001 0.440189125 0.8125920750000001 0.4392434984375 0.8354656125 0.4472813234375 0.8501977203125 0.45768321562500003 0.8606652718750001 0.4614657203125 0.864929828125 0.4468085109375 0.854074590625 0.4397163125 0.8377917343749999 0.4387706859375 0.824610375 0.434042553125 0.8017368375 0.434042553125 0.7784756140625 0.4349881796875 0.7672326890625001 0.4486997640625
5 0.7090796312500001 0.5390070921875 0.7090796312500001 0.554137115625 0.7075288828125 0.5730496453125 0.717221059375 0.5810874703125 0.723036365625 0.5806146562500001 0.7249748 0.5678487 0.7265255484375001 0.5565011828124999 0.7214856171874999 0.5451536640625 0.7195471812500001 0.5290780140625 0.7179964328125 0.5087470453125 0.7152826234375 0.497872340625 0.712181128125 0.52434988125 0.7090796312500001 0.5390070921875
2 0.6629448703125 0.6799054375 0.679227728125 0.6695035453125 0.6927967749999999 0.6430260046875 0.7028766375 0.6047281328125 0.7055904468749999 0.590070921875 0.6997751421875 0.5910165484375 0.6831045984374999 0.5952718671875 0.6575172515625 0.6085106390624999 0.637357525 0.6260047281250001 0.626889975 0.6449172578125 0.6299914703125 0.6633569734375 0.6412343953125 0.6775413703125001 0.6629448703125 0.6799054375
3 0.5826936500000001 0.6955082734375 0.6032410640625 0.7068557921874999 0.6160347374999999 0.72434988125 0.6276653484375 0.7385342796875001 0.6280530359375 0.585815603125 0.6137086140625 0.589598109375 0.5970380703125 0.591962175 0.5830813359375 0.5910165484375 0.5722260984374999 0.6 0.5714507249999999 0.6127659578125 0.5698999765625 0.63593380625 0.5718384125 0.6572104015625 0.5718384125 0.6846335703124999 0.5826936500000001 0.6955082734375
2 0.4617352875 0.6094562640625 0.4357602546875 0.6014184390625 0.42064045937500005 0.59621749375 0.4163759015625 0.60378250625 0.417151275 0.6406619390625 0.4268434515625 0.6614657203125 0.436535628125 0.6836879437500001 0.4497169890625 0.6950354609375 0.4679382796875 0.6931442078125001 0.4904241296875 0.6799054375 0.5051562374999999 0.6609929078125 0.497790184375 0.642080378125 0.4822827015625 0.621749409375 0.4617352875 0.6094562640625
3 0.5311312703125 0.594326240625 0.516011475 0.593853428125 0.5051562374999999 0.591962175 0.5067069859375 0.742316784375 0.5229898421875 0.7210401890625 0.5400480734374999 0.7026004734375 0.5586570515625 0.6903073281250001 0.562921609375 0.6671394796875 0.5602077999999999 0.634042553125 0.560983175 0.610401890625 0.5598201125 0.6009456265625001 0.552066371875 0.5929078015625 0.5311312703125 0.594326240625
0 0.30879274218749997 0.634042553125 0.326238659375 0.6170212765625 0.3532798328125 0.615957446875 0.36985345468749997 0.5925531921875 0.3829378921875 0.5617021281250001 0.3777041171875 0.5265957453125 0.36985345468749997 0.5010638296875001 0.34717376093749996 0.48191489374999996 0.31489881406250003 0.47553191562499997 0.28175157031250003 0.4829787234375 0.26343335625000003 0.5021276593749999 0.25296580625 0.5234042546875 0.2459874390625 0.552127659375 0.228541521875 0.5670212765625 0.20586182812499998 0.5617021281250001 0.19452198125 0.5414893609375 0.1875436140625 0.5393617015625 0.15875785 0.5606382984375 0.1465457078125 0.5872340421875 0.142184228125 0.61808510625 0.142184228125 0.656382978125 0.1500348921875 0.6787234046874999 0.167480809375 0.7106382984375 0.17358688125 0.7372340421875 0.18143754375 0.7829787234375 0.18143754375 0.8117021281250001 0.1831821359375 0.834042553125 0.2712840203125 0.8361702125000001 0.280006978125 0.8117021281250001 0.29483600781249997 0.7946808515625 0.3122819265625 0.784042553125 0.315771109375 0.7585106390624999 0.31489881406250003 0.73191489375 0.307920446875 0.715957446875 0.28960223281249997 0.6989361703125 0.2939637125 0.6627659578125 0.30879274218749997 0.634042553125
0 0.9054431265625 0.54042553125 0.8792742499999999 0.5414893609375 0.867934403125 0.525531915625 0.8574668531249999 0.4968085109375 0.8304256796875 0.46063829843750004 0.791172365625 0.456382978125 0.758025121875 0.47234042499999995 0.7414514999999999 0.5021276593749999 0.7397069078125 0.538297871875 0.7597697140624999 0.5861702125 0.7807048156249999 0.6031914890625 0.7998953249999999 0.606382978125 0.81559665 0.622340425 0.8286810890625 0.6638297875 0.829553384375 0.6819148937499999 0.81559665 0.7010638296875 0.8129797625 0.7212765953125 0.81559665 0.7531914890625 0.84612700625 0.788297871875 0.8574668531249999 0.8382978718749999 0.939462665625 0.8372340421875 0.9412072578125 0.7872340421875 0.948185625 0.7265957453125 0.9630146546875 0.674468084375 0.980460571875 0.647872340625 0.98394975625 0.597872340625 0.9787159796875 0.552127659375 0.9708653171874999 0.5351063828125 0.9403349609375 0.51808510625 0.9185275640624999 0.527659575 0.9054431265625 0.54042553125
1 0.4317864625 0.12872340468750001 0.38904396406249997 0.0691489359375 0.32972784375 0.05106382968749999 0.27739009062500003 0.05425531875 0.21196790000000001 0.07765957500000001 0.175331471875 0.1074468078125 0.1509071875 0.1425531921875 0.1256106078125 0.1851063828125 0.1273551984375 0.220212765625 0.4317864625 0.12872340468750001
1 0.6830076765624999 0.0553191484375 0.6559665031249999 0.07765957500000001 0.6524773203125 0.11276595781250001 0.9743545015624999 0.16702127656250002 0.9795882765625 0.14787234062500001 0.967376134375 0.1234042546875 0.9385903703125 0.088297871875 0.8984647593749999 0.056382978125000004 0.8670621078125 0.026595745312500002 0.826936496875 0.01808510625 0.7754710390625 0.020212765625 0.7266224703125 0.0372340421875 0.6830076765624999 0.0553191484375