1 0.2059291203125 0.150151975 0.16954192031249998 0.1878419453125 0.1525944578125 0.23100303906250003 0.15162800468749998 0.273434796875 0.43970441562499996 0.2072948328125 0.42225849843749996 0.16656535 0.38537284375 0.1386018234375 0.3295459078125 0.1234042546875 0.27222360624999997 0.12826747656249998 0.2059291203125 0.150151975
1 0.9321104578125 0.151975684375 0.8777788859375001 0.11732522812499999 0.8229488593750001 0.1051671734375 0.7845678406250001 0.1051671734375 0.7397069078125 0.1234042546875 0.7167779875 0.142249240625 0.7028212546875 0.1732522796875 0.6853753359375 0.20425531874999997 0.9620177453125001 0.235258359375 0.9625161999999999 0.220060790625 0.949556375 0.1835866265625 0.9321104578125 0.151975684375
5 0.6966736453125 0.6392434984375 0.6939598359375 0.6643026 0.6966736453125 0.6728132390625 0.7028766375 0.6789598109375 0.711018065625 0.674231678125 0.7090796312500001 0.6491725765624999 0.7071411953125 0.6208037828124999 0.711405753125 0.5929078015625 0.7052027609375 0.6028368796875 0.700938203125 0.6208037828124999 0.6966736453125 0.6392434984375
5 0.3993176703125 0.686052009375 0.40552066406250004 0.6912529546874999 0.4132744046875 0.6836879437500001 0.414437465625 0.6671394796875 0.41404977968749995 0.6468085109375 0.41404977968749995 0.6293144203125001 0.41094828281250007 0.6132387703125 0.40590835 0.5966903078125 0.40086841875 0.593853428125 0.403969915625 0.6226950359375001 0.3993176703125 0.645862884375 0.3958284875 0.6695035453125 0.3993176703125 0.686052009375
4 0.35705978125 0.5550827421875 0.36830270625 0.5560283687500001 0.35744746875 0.542316784375 0.34000155 0.5328605203125 0.318291075 0.5252955078125 0.2946421640625 0.52434988125 0.27138094062499996 0.5304964546875001 0.2593626421875 0.541843971875 0.264402575 0.550354609375 0.2702178796875 0.5451536640625 0.26983019218750004 0.5451536640625 0.2899899203125 0.5390070921875 0.31906645 0.5333333328125 0.337675428125 0.5427895984375 0.35705978125 0.5550827421875
4 0.8393424828124999 0.5522458625 0.8467085375 0.5522458625 0.8501977203125 0.5408983453125 0.8315887421875001 0.53191489375 0.8118167015625 0.5304964546875001 0.7873924171875 0.5286052015625 0.7602543234375 0.5371158390625 0.7513375203125 0.55177305 0.7792509890625 0.5399527187500001 0.8025122124999999 0.53947990625 0.8284872453125001 0.5446808515625 0.8393424828124999 0.5522458625
2 0.6658525234375 0.7049645390625 0.646080484375 0.7234042546875 0.6297976281250001 0.7375886515625 0.6204931375 0.7581560281249999 0.6263084437499999 0.7673758859375 0.64317283125 0.7765957453125 0.667015584375 0.77163120625 0.67573854375 0.75957446875 0.6873691562500001 0.7290780140625001 0.6943475234375 0.6971631203124999 0.6966736453125 0.6872340421875001 0.6827169109375 0.6950354609375 0.6658525234375 0.7049645390625
3 0.557687834375 0.6964539015625 0.55419865 0.7163120562499999 0.5565247734375001 0.738297871875 0.5571063046875 0.7631205671875 0.5594324265624999 0.7843971625 0.57687834375 0.7907801421875 0.5896720171875 0.8049645390625001 0.6018841593750001 0.8205673750000001 0.6222377296875 0.8333333328125001 0.6204931375 0.686524821875 0.5978134453124999 0.6907801421875 0.5780414046875 0.6964539015625 0.557687834375 0.6964539015625
2 0.4704582453125 0.726241134375 0.4431263078125 0.709929078125 0.42742498281249997 0.6929078015625 0.42742498281249997 0.7028368796875 0.4280065125 0.7269503546875 0.43498487968750005 0.75248226875 0.441963246875 0.7751773046875 0.45243079843749995 0.7765957453125 0.45999069531250003 0.773758865625 0.47336589843750004 0.7730496453125 0.47889043906250006 0.7705673749999999 0.48441497968749997 0.7666666671875 0.4797627359375 0.7468085109375 0.4704582453125 0.726241134375
3 0.5129099796875 0.806372765625 0.52744824375 0.79396141875 0.53791579375 0.7829685109375 0.543440334375 0.7815500703125 0.548964875 0.762401134375 0.5480925796875 0.7428975890625 0.54431263125 0.7329685109375 0.54431263125 0.714177375 0.5431495703125 0.6982199296875 0.52744824375 0.69183695 0.5094207953125001 0.6929007796875 0.4969178875 0.6900639015625 0.48499651093749996 0.686524821875 0.48615957187500003 0.8414791484374999 0.4969178875 0.8404153187500001 0.5038962546875 0.8233940421874999 0.5129099796875 0.806372765625
0 0.34193998593749997 0.8393617015625001 0.35240753593749996 0.8138297874999999 0.34804605781250003 0.79574468125 0.34193998593749997 0.779787234375 0.32362177187499996 0.7627659578125 0.321004884375 0.73191489375 0.3253663640625 0.6914893609375 0.35240753593749996 0.6829787234375 0.37595952499999996 0.6553191484374999 0.37944870937499997 0.6053191484375 0.3681088625 0.5734042546875 0.3454291703125 0.556382978125 0.3114096296875 0.5446808515625 0.28524075312499997 0.55425531875 0.2651779484375 0.5712765953125001 0.2459874390625 0.606382978125 0.2189462671875 0.6074468078125 0.1997557578125 0.61808510625 0.19190509375 0.63191489375 0.1823098390625 0.665957446875 0.175331471875 0.725531915625 0.192777390625 0.7574468078125001 0.2076064203125 0.8042553187499999 0.2128401953125 0.8414893609374999 0.2128401953125 0.8638297875 0.2076064203125 0.906382978125 0.30094207968750003 0.9106382984374999 0.30530355937500003 0.884042553125 0.31838799687499997 0.8542553187499999 0.34193998593749997 0.8393617015625001
0 0.9176552687499999 0.79574468125 0.9342288906249999 0.7521276593749999 0.9490579203125 0.738297871875 0.948185625 0.70957446875 0.9464410328125 0.6617021281250001 0.9342288906249999 0.629787234375 0.9167829734374999 0.6053191484375 0.8914863921875 0.59042553125 0.8592114437499999 0.60425531875 0.84874389375 0.5723404249999999 0.8312979765625 0.5595744687499999 0.7981507328124999 0.543617021875 0.7737264484375 0.547872340625 0.7458129796875 0.5691489359374999 0.7292393578125 0.5968085109375 0.725750175 0.6329787234375 0.7336008374999999 0.6712765953125001 0.7562805296875 0.6893617015625 0.7815771109375 0.7 0.7920446609375 0.73191489375 0.791172365625 0.7553191484374999 0.7728541515625 0.7691489359375 0.7615143062499999 0.79042553125 0.763258896875 0.8138297874999999 0.7711095609374999 0.8297872343750001 0.7955338453125 0.8510638296874999 0.8068736921875 0.8765957453125001 0.810362875 0.897872340625 0.903698534375 0.8989361703125001 0.903698534375 0.8574468078124999 0.908932309375 0.8287234046874999 0.9176552687499999 0.79574468125