1 0.1386018234375 0.61462715625 0.1234042546875 0.6704540921875 0.12826747656249998 0.7277763937499999 0.150151975 0.7940708796875 0.1878419453125 0.8304580796875 0.23100303906250003 0.8474055421875001 0.273434796875 0.8483719953125 0.2072948328125 0.560295584375 0.16656535 0.5777415015625 0.1386018234375 0.61462715625
1 0.1732522796875 0.2971787453125 0.20425531874999997 0.3146246640625 0.235258359375 0.0379822546875 0.220060790625 0.0374838 0.1835866265625 0.050443625000000006 0.151975684375 0.0678895421875 0.11732522812499999 0.1222211140625 0.1051671734375 0.177051140625 0.1051671734375 0.21543215937500002 0.1234042546875 0.2602930921875 0.142249240625 0.2832220125 0.1732522796875 0.2971787453125
5 0.6208037828124999 0.2928588046875 0.5929078015625 0.288594246875 0.6028368796875 0.2947972390625 0.6208037828124999 0.299061796875 0.6392434984375 0.3033263546875 0.6643026 0.3060401640625 0.6728132390625 0.3033263546875 0.6789598109375 0.2971233625 0.674231678125 0.288981934375 0.6491725765624999 0.29092036875 0.6208037828124999 0.2928588046875
5 0.6132387703125 0.5890517171874999 0.5966903078125 0.59409165 0.593853428125 0.59913158125 0.6226950359375001 0.5960300843749999 0.645862884375 0.6006823296875 0.6695035453125 0.6041715125 0.686052009375 0.6006823296875 0.6912529546874999 0.5944793359375 0.6836879437500001 0.5867255953125 0.6671394796875 0.5855625343749999 0.6468085109375 0.5859502203125 0.6293144203125001 0.5859502203125 0.6132387703125 0.5890517171874999
4 0.5304964546875001 0.7286190593749999 0.541843971875 0.7406373578125 0.550354609375 0.735597425 0.5451536640625 0.7297821203125 0.5451536640625 0.7301698078125 0.5390070921875 0.7100100796875 0.5333333328125 0.68093355 0.5427895984375 0.6623245718749999 0.5550827421875 0.64294021875 0.5560283687500001 0.63169729375 0.542316784375 0.64255253125 0.5328605203125 0.65999845 0.5252955078125 0.681708925 0.52434988125 0.7053578359375 0.5304964546875001 0.7286190593749999
4 0.5371158390625 0.23974567656249998 0.55177305 0.24866247968750002 0.5399527187500001 0.22074901093750002 0.53947990625 0.1974877875 0.5446808515625 0.1715127546875 0.5522458625 0.16065751718750002 0.5522458625 0.1532914625 0.5408983453125 0.14980227968749998 0.53191489375 0.1684112578125 0.5304964546875001 0.18818329843749998 0.5286052015625 0.21260758281249997 0.5371158390625 0.23974567656249998
2 0.77163120625 0.33298441562500003 0.75957446875 0.32426145625 0.7290780140625001 0.31263084375 0.6971631203124999 0.3056524765625 0.6872340421875001 0.3033263546875 0.6950354609375 0.31728308906249997 0.7049645390625 0.3341474765625 0.7234042546875 0.353919515625 0.7375886515625 0.370202371875 0.7581560281249999 0.3795068625 0.7673758859375 0.37369155625 0.7765957453125 0.35682716875 0.77163120625 0.33298441562500003
3 0.8049645390625001 0.41032798281250005 0.8205673750000001 0.398115840625 0.8333333328125001 0.3777622703125 0.686524821875 0.3795068625 0.6907801421875 0.40218655468750003 0.6964539015625 0.42195859531249996 0.6964539015625 0.44231216562500003 0.7163120562499999 0.44580135 0.738297871875 0.4434752265625 0.7631205671875 0.44289369531249995 0.7843971625 0.4405675734375 0.7907801421875 0.42312165625000003 0.8049645390625001 0.41032798281250005
2 0.7751773046875 0.558036753125 0.7765957453125 0.5475692015625 0.773758865625 0.5400093046875 0.7730496453125 0.5266341015625 0.7705673749999999 0.5211095609374999 0.7666666671875 0.5155850203125001 0.7468085109375 0.5202372640624999 0.726241134375 0.5295417546875 0.709929078125 0.5568736921874999 0.6929078015625 0.5725750171875 0.7028368796875 0.5725750171875 0.7269503546875 0.5719934875 0.75248226875 0.5650151203125 0.7751773046875 0.558036753125
3 0.7329685109375 0.45568736875000004 0.714177375 0.45568736875000004 0.6982199296875 0.4568504296875 0.69183695 0.47255175625 0.6929007796875 0.4905792046875 0.6900639015625 0.5030821125 0.686524821875 0.5150034890625 0.8414791484374999 0.513840428125 0.8404153187500001 0.5030821125 0.8233940421874999 0.4961037453125 0.806372765625 0.48709002031250004 0.79396141875 0.47255175625 0.7829685109375 0.46208420625 0.7815500703125 0.45655966562500006 0.762401134375 0.45103512500000004 0.7428975890625 0.45190742031250003 0.7329685109375 0.45568736875000004
0 0.6914893609375 0.6746336359375 0.6829787234375 0.6475924640625 0.6553191484374999 0.6240404749999999 0.6053191484375 0.620551290625 0.5734042546875 0.6318911375 0.556382978125 0.6545708296875 0.5446808515625 0.6885903703125 0.55425531875 0.714759246875 0.5712765953125001 0.7348220515625 0.606382978125 0.7540125609375 0.6074468078125 0.7810537328125 0.61808510625 0.8002442421874999 0.63191489375 0.80809490625 0.665957446875 0.8176901609374999 0.725531915625 0.824668528125 0.7574468078125001 0.807222609375 0.8042553187499999 0.7923935796875 0.8414893609374999 0.7871598046875 0.8638297875 0.7871598046875 0.906382978125 0.7923935796875 0.9106382984374999 0.6990579203125 0.884042553125 0.694696440625 0.8542553187499999 0.6816120031249999 0.8393617015625001 0.6580600140625 0.8138297874999999 0.6475924640625 0.79574468125 0.6519539421875 0.779787234375 0.6580600140625 0.7627659578125 0.676378228125 0.73191489375 0.678995115625 0.6914893609375 0.6746336359375
0 0.6053191484375 0.08321702656249999 0.59042553125 0.1085136078125 0.60425531875 0.14078855625 0.5723404249999999 0.15125610625000002 0.5595744687499999 0.16870202343750001 0.543617021875 0.2018492671875 0.547872340625 0.2262735515625 0.5691489359374999 0.25418702031249996 0.5968085109375 0.2707606421875 0.6329787234375 0.274249825 0.6712765953125001 0.2663991625 0.6893617015625 0.2437194703125 0.7 0.21842288906250001 0.73191489375 0.20795533906250002 0.7553191484374999 0.20882763437500002 0.7691489359375 0.22714584843750002 0.79042553125 0.23848569375 0.8138297874999999 0.23674110312500002 0.8297872343750001 0.2288904390625 0.8510638296874999 0.2044661546875 0.8765957453125001 0.1931263078125 0.897872340625 0.18963712500000002 0.8989361703125001 0.096301465625 0.8574468078124999 0.096301465625 0.8287234046874999 0.091067690625 0.79574468125 0.08234473125 0.7521276593749999 0.065771109375 0.738297871875 0.050942079687499996 0.70957446875 0.051814375 0.6617021281250001 0.053558967187499994 0.629787234375 0.065771109375 0.6053191484375 0.08321702656249999