1 0.778014184375 0.3343800875 0.8241134750000001 0.30297743593750004 0.8453900703125001 0.2692486625 0.853900709375 0.211677134375 0.8390070921874999 0.1599209125 0.8035460984375 0.1209583625 0.7709219859374999 0.0971156078125 0.7156028375 0.0837404046875 0.6836879437500001 0.0866480578125 0.778014184375 0.3343800875
1 0.8588652484375 0.606536403125 0.8319148937499999 0.5949057921875001 0.7638297875 0.84612700625 0.790070921875 0.8432193531250001 0.8134751781249999 0.8356594562499999 0.85602836875 0.8164689468749999 0.881560284375 0.7769248656250001 0.9007092203125 0.733891603125 0.9049645390625001 0.6943475234375 0.8929078015625 0.6548034421875 0.874468084375 0.6297976281250001 0.8588652484375 0.606536403125
5 0.381382978125 0.344120725 0.35957446875 0.3454291703125 0.347340425 0.342376134375 0.3281914890625 0.34019539375 0.3122340421875 0.34324842968749997 0.31542553125 0.3519713890625 0.3260638296875 0.3602582 0.338297871875 0.3602582 0.35691489375 0.3545882765625 0.375 0.355024425 0.3920212765625 0.34935450156250003 0.40957446875 0.34281228124999996 0.381382978125 0.344120725
4 0.4329787234375 0.196702721875 0.4287234046875 0.20673412343750003 0.4388297875 0.20891486406249998 0.449468084375 0.22897766874999997 0.456382978125 0.25209350937499997 0.45585106406250003 0.274773203125 0.45106382968750003 0.29091067656249997 0.46063829843750004 0.28218771875000004 0.4643617015625 0.2621249125 0.46063829843750004 0.23857292343749997 0.45372340468749994 0.2167655265625 0.4462765953125 0.19931960937499998 0.4329787234375 0.196702721875
5 0.41223404218750004 0.6202023718749999 0.3946808515625 0.6210746687500001 0.375 0.6180216328125 0.35957446875 0.618893928125 0.347340425 0.6254361484375 0.349468084375 0.6359036984374999 0.3664893609375 0.636339846875 0.3861702125 0.630233775 0.40585106406250004 0.6289253312499999 0.420212765625 0.6289253312499999 0.4361702125 0.630233775 0.41223404218750004 0.6202023718749999
4 0.5079787234375 0.70830425625 0.506382978125 0.6908583390625 0.497872340625 0.673412421875 0.4877659578125 0.6664340546874999 0.4856382984375 0.669487090625 0.4946808515625 0.68475226875 0.500531915625 0.7030704812499999 0.500531915625 0.7205163984375 0.4984042546875 0.7331646890625 0.4962765953125 0.7497383109375 0.4898936171875 0.755408234375 0.5 0.7610781578125 0.5079787234375 0.7510467546874999 0.506382978125 0.7331646890625 0.5079787234375 0.70830425625
2 0.2627659578125 0.583129796875 0.26542553125 0.5949057921875001 0.28457446875 0.607117934375 0.30691489375000003 0.61453245 0.3351063828125 0.618893928125 0.3329787234375 0.6119155625 0.3260638296875 0.597958828125 0.3143617015625 0.5870551296875 0.3058510640625 0.5792044656249999 0.2920212765625 0.5665561765625 0.2787234046875 0.5578332171875 0.2664893609375 0.560886253125 0.2622340421875 0.5678646203125 0.2627659578125 0.583129796875
2 0.2648936171875 0.37595952499999996 0.25212765937500003 0.385990928125 0.24627659531249999 0.39994766249999997 0.254787234375 0.42001046718749996 0.2585106390625 0.4265526859375 0.270212765625 0.426988834375 0.2835106390625 0.41957432031249997 0.293617021875 0.40081995781249996 0.30265957499999996 0.3829378921875 0.3127659578125 0.36331123593750003 0.299468084375 0.3659281234375 0.28617021249999997 0.3689811578125 0.2648936171875 0.37595952499999996
3 0.32127659531249997 0.46624214999999997 0.3234042546875 0.449668528125 0.3239361703125 0.43571179375 0.325 0.42742498281249997 0.204787234375 0.42786113124999997 0.20904255312500003 0.4413817171875 0.225 0.44705164062499997 0.23723404218750002 0.45882763437499996 0.2468085109375 0.47670969999999996 0.25744680781249996 0.48412421562499997 0.27074468125 0.48412421562499997 0.297872340625 0.4823796234375 0.3143617015625 0.482815771875 0.32127659531249997 0.46624214999999997
3 0.24574468125 0.5246859734375 0.24042553125000002 0.5347173765625 0.2324468078125 0.5438764828125 0.2196808515625 0.5486741109375 0.21542553125000002 0.5565247734375001 0.21808510625 0.562194696875 0.3329787234375 0.5543440328125 0.3265957453125 0.5382065593750001 0.320212765625 0.5246859734375 0.313297871875 0.50985694375 0.3106382984375 0.4989532453125 0.2946808515625 0.49371947031249996 0.275 0.49720865312500007 0.261702128125 0.5015701328125 0.247872340625 0.5116015359375 0.24574468125 0.5246859734375
0 0.399888340625 0.855550034375 0.4032925953125 0.8401976281250001 0.38627131875 0.81507550625 0.38627131875 0.8011187718749999 0.389675575 0.7843706906250001 0.4049947234375 0.78157934375 0.444143659375 0.773903140625 0.46627131874999994 0.7571550593749999 0.48499472343749994 0.7390113046875 0.491803234375 0.712493509375 0.48414365937500004 0.6817886953125 0.46382978750000003 0.6636427078125 0.44425531874999996 0.651779484375 0.41361702187500005 0.6468946265625 0.389787234375 0.6454989531249999 0.3727659578125 0.651779484375 0.3565957453125 0.6608513609375 0.352340425 0.6908583390625 0.3446808515625 0.7076064203125 0.3251063828125 0.71388695 0.314042553125 0.71946964375 0.294468084375 0.7271458484375 0.28085106406250004 0.7292393578125 0.26042553125 0.7299371953125 0.24851063906249998 0.7264480109375 0.2391489359375 0.7145847875 0.2212765953125 0.7124912765625 0.205957446875 0.71388695 0.189787234375 0.7264480109375 0.17276595781249998 0.7383112359374999 0.152340425 0.7411025812500001 0.15574468125000002 0.8255408234375 0.180459575 0.8234495468749999 0.1974808515625 0.828334403125 0.22811914843749997 0.8381041171874999 0.2611649359375 0.853456525 0.2781862125 0.87020460625 0.2994628078125 0.872995953125 0.3394628078125 0.8743916265625 0.368398978125 0.866715421875 0.399888340625 0.855550034375
0 0.2609929078125 0.2663311234375 0.2843971625 0.2715648984375 0.302127659375 0.28377704062500003 0.3113475171875 0.3047121421875 0.3290780140625 0.3209949984375 0.3567375890625 0.3302994875 0.394326240625 0.32564724375 0.427659575 0.3134351015625 0.4432624109375 0.2849401015625 0.4489361703125 0.256445103125 0.4368794328125 0.229113165625 0.4156028375 0.20875959531250002 0.38226950312499997 0.1977105140625 0.35602836875 0.191313678125 0.3624113484375 0.1727046984375 0.3553191484375 0.15700337343749998 0.3390070921875 0.13606827187499998 0.3248226953125 0.125019190625 0.2907801421875 0.1168777625 0.25602836875 0.125019190625 0.23333333281250002 0.12908990468749998 0.20425531874999997 0.1314160265625 0.19361702187500002 0.14304663906249998 0.17517730468749998 0.1599110265625 0.14964539062499999 0.17212316875 0.10921985781250002 0.185498371875 0.113475178125 0.27564549843749997 0.12482269531250001 0.2756356125 0.138297871875 0.2802878578125 0.1468085109375 0.2942445921875 0.1695035453125 0.29831530625 0.186524821875 0.2965707140625 0.2 0.2855216328125 0.209929078125 0.2698203078125 0.23333333281250002 0.267494184375 0.2609929078125 0.2663311234375