1 0.211677134375 0.146099290625 0.1599209125 0.1609929078125 0.1209583625 0.1964539015625 0.0971156078125 0.2290780140625 0.0837404046875 0.2843971625 0.0866480578125 0.31631205625000003 0.3343800875 0.221985815625 0.30297743593750004 0.175886525 0.2692486625 0.1546099296875 0.211677134375 0.146099290625
1 0.8164689468749999 0.14397163125 0.7769248656250001 0.118439715625 0.733891603125 0.0992907796875 0.6943475234375 0.09503546093750001 0.6548034421875 0.1070921984375 0.6297976281250001 0.125531915625 0.606536403125 0.1411347515625 0.5949057921875001 0.16808510625 0.84612700625 0.23617021249999998 0.8432193531250001 0.209929078125 0.8356594562499999 0.186524821875 0.8164689468749999 0.14397163125
5 0.3602582 0.6739361703125 0.3602582 0.6617021281250001 0.3545882765625 0.64308510625 0.355024425 0.625 0.34935450156250003 0.6079787234375 0.34281228124999996 0.59042553125 0.344120725 0.618617021875 0.3454291703125 0.64042553125 0.342376134375 0.652659575 0.34019539375 0.6718085109375 0.34324842968749997 0.6877659578124999 0.3519713890625 0.6845744687499999 0.3602582 0.6739361703125
4 0.29091067656249997 0.5489361703125 0.28218771875000004 0.5393617015625 0.2621249125 0.5356382984375 0.23857292343749997 0.5393617015625 0.2167655265625 0.5462765953125001 0.19931960937499998 0.5537234046874999 0.196702721875 0.5670212765625 0.20673412343750003 0.5712765953125001 0.20891486406249998 0.5611702125 0.22897766874999997 0.5505319156249999 0.25209350937499997 0.543617021875 0.274773203125 0.5441489359375 0.29091067656249997 0.5489361703125
5 0.6359036984374999 0.650531915625 0.636339846875 0.6335106390624999 0.630233775 0.6138297875000001 0.6289253312499999 0.5941489359375 0.6289253312499999 0.579787234375 0.630233775 0.5638297875 0.6202023718749999 0.5877659578125 0.6210746687500001 0.6053191484375 0.6180216328125 0.625 0.618893928125 0.64042553125 0.6254361484375 0.652659575 0.6359036984374999 0.650531915625
4 0.7331646890625 0.5015957453125 0.7497383109375 0.5037234046875 0.755408234375 0.5101063828125 0.7610781578125 0.5 0.7510467546874999 0.4920212765625 0.7331646890625 0.493617021875 0.70830425625 0.4920212765625 0.6908583390625 0.493617021875 0.673412421875 0.5021276593749999 0.6664340546874999 0.5122340421875 0.669487090625 0.5143617015624999 0.68475226875 0.5053191484374999 0.7030704812499999 0.499468084375 0.7205163984375 0.499468084375 0.7331646890625 0.5015957453125
2 0.5870551296875 0.6856382984375 0.5792044656249999 0.6941489359374999 0.5665561765625 0.7079787234375 0.5578332171875 0.7212765953125 0.560886253125 0.7335106390624999 0.5678646203125 0.7377659578125 0.583129796875 0.7372340421875 0.5949057921875001 0.73457446875 0.607117934375 0.71542553125 0.61453245 0.6930851062500001 0.618893928125 0.6648936171875001 0.6119155625 0.6670212765625 0.597958828125 0.6739361703125 0.5870551296875 0.6856382984375
2 0.41957432031249997 0.7164893609375 0.40081995781249996 0.706382978125 0.3829378921875 0.6973404249999999 0.36331123593750003 0.6872340421875001 0.3659281234375 0.700531915625 0.3689811578125 0.7138297875 0.37595952499999996 0.7351063828125 0.385990928125 0.7478723406250001 0.39994766249999997 0.7537234046875 0.42001046718749996 0.745212765625 0.4265526859375 0.7414893609375001 0.426988834375 0.729787234375 0.41957432031249997 0.7164893609375
3 0.45882763437499996 0.7627659578125 0.47670969999999996 0.7531914890625 0.48412421562499997 0.7425531921874999 0.48412421562499997 0.72925531875 0.4823796234375 0.702127659375 0.482815771875 0.6856382984375 0.46624214999999997 0.6787234046874999 0.449668528125 0.6765957453125 0.43571179375 0.6760638296875 0.42742498281249997 0.675 0.42786113124999997 0.795212765625 0.4413817171875 0.790957446875 0.44705164062499997 0.775 0.45882763437499996 0.7627659578125
3 0.50985694375 0.6867021281250001 0.4989532453125 0.6893617015625 0.49371947031249996 0.7053191484375 0.49720865312500007 0.725 0.5015701328125 0.738297871875 0.5116015359375 0.7521276593749999 0.5246859734375 0.7542553187500001 0.5347173765625 0.75957446875 0.5438764828125 0.7675531921875 0.5486741109375 0.7803191484374999 0.5565247734375001 0.78457446875 0.562194696875 0.78191489375 0.5543440328125 0.6670212765625 0.5382065593750001 0.6734042546875 0.5246859734375 0.679787234375 0.50985694375 0.6867021281250001
0 0.8381041171874999 0.7718808515625 0.853456525 0.7388350640625 0.87020460625 0.7218137875 0.872995953125 0.7005371921875 0.8743916265625 0.6605371921875001 0.866715421875 0.631601021875 0.855550034375 0.600111659375 0.8401976281250001 0.5967074046875 0.81507550625 0.61372868125 0.8011187718749999 0.61372868125 0.7843706906250001 0.6103244250000001 0.78157934375 0.5950052765625 0.773903140625 0.555856340625 0.7571550593749999 0.5337286812500001 0.7390113046875 0.5150052765625001 0.712493509375 0.5081967656249999 0.6817886953125 0.515856340625 0.6636427078125 0.5361702125 0.651779484375 0.55574468125 0.6468946265625 0.586382978125 0.6454989531249999 0.610212765625 0.651779484375 0.6272340421875 0.6608513609375 0.6434042546875001 0.6908583390625 0.647659575 0.7076064203125 0.6553191484374999 0.71388695 0.6748936171875 0.71946964375 0.685957446875 0.7271458484375 0.7055319156250001 0.7292393578125 0.7191489359375 0.7299371953125 0.73957446875 0.7264480109375 0.7514893609375 0.7145847875 0.7608510640625 0.7124912765625 0.7787234046875 0.71388695 0.7940425531249999 0.7264480109375 0.810212765625 0.7383112359374999 0.8272340421875001 0.7411025812500001 0.847659575 0.8255408234375 0.8442553187499999 0.8234495468749999 0.8195404249999999 0.828334403125 0.8025191484375 0.8381041171874999 0.7718808515625
0 0.2942445921875 0.8531914890625 0.29831530625 0.8304964546875 0.2965707140625 0.8134751781249999 0.2855216328125 0.8 0.2698203078125 0.790070921875 0.267494184375 0.7666666671875 0.2663311234375 0.7390070921875 0.2715648984375 0.7156028375 0.28377704062500003 0.697872340625 0.3047121421875 0.6886524828125 0.3209949984375 0.6709219859375 0.3302994875 0.6432624109375 0.32564724375 0.605673759375 0.3134351015625 0.5723404249999999 0.2849401015625 0.5567375890624999 0.256445103125 0.5510638296875 0.229113165625 0.5631205671874999 0.20875959531250002 0.5843971625 0.1977105140625 0.6177304968749999 0.191313678125 0.64397163125 0.1727046984375 0.6375886515625 0.15700337343749998 0.6446808515625 0.13606827187499998 0.6609929078125 0.125019190625 0.6751773046875 0.1168777625 0.7092198578125 0.125019190625 0.74397163125 0.12908990468749998 0.7666666671875 0.1314160265625 0.79574468125 0.14304663906249998 0.806382978125 0.1599110265625 0.8248226953125 0.17212316875 0.850354609375 0.185498371875 0.8907801421875 0.27564549843749997 0.886524821875 0.2756356125 0.8751773046875 0.2802878578125 0.861702128125 0.2942445921875 0.8531914890625