1 0.221985815625 0.6656199125 0.175886525 0.6970225640625001 0.1546099296875 0.7307513375 0.146099290625 0.788322865625 0.1609929078125 0.8400790875 0.1964539015625 0.8790416375 0.2290780140625 0.9028843921874999 0.2843971625 0.9162595953125001 0.31631205625000003 0.9133519421875 0.221985815625 0.6656199125
1 0.1411347515625 0.393463596875 0.16808510625 0.4050942078125 0.23617021249999998 0.15387299375000002 0.209929078125 0.15678064687499998 0.186524821875 0.16434054375 0.14397163125 0.183531053125 0.118439715625 0.223075134375 0.0992907796875 0.266108396875 0.09503546093750001 0.3056524765625 0.1070921984375 0.34519655781249997 0.125531915625 0.370202371875 0.1411347515625 0.393463596875
5 0.618617021875 0.655879275 0.64042553125 0.6545708296875 0.652659575 0.657623865625 0.6718085109375 0.65980460625 0.6877659578124999 0.6567515703125 0.6845744687499999 0.6480286109375 0.6739361703125 0.6397418 0.6617021281250001 0.6397418 0.64308510625 0.6454117234375001 0.625 0.6449755749999999 0.6079787234375 0.6506454984375 0.59042553125 0.65718771875 0.618617021875 0.655879275
4 0.5670212765625 0.8032972781250001 0.5712765953125001 0.7932658765625 0.5611702125 0.7910851359375 0.5505319156249999 0.77102233125 0.543617021875 0.7479064906249999 0.5441489359375 0.725226796875 0.5489361703125 0.7090893234375 0.5393617015625 0.71781228125 0.5356382984375 0.7378750875 0.5393617015625 0.7614270765625 0.5462765953125001 0.7832344734375 0.5537234046874999 0.800680390625 0.5670212765625 0.8032972781250001
5 0.5877659578125 0.379797628125 0.6053191484375 0.37892533125 0.625 0.3819783671875 0.64042553125 0.381106071875 0.652659575 0.3745638515625 0.650531915625 0.3640963015625 0.6335106390624999 0.363660153125 0.6138297875000001 0.369766225 0.5941489359375 0.37107466875 0.579787234375 0.37107466875 0.5638297875 0.369766225 0.5877659578125 0.379797628125
4 0.4920212765625 0.29169574374999996 0.493617021875 0.3091416609375 0.5021276593749999 0.326587578125 0.5122340421875 0.3335659453125 0.5143617015624999 0.330512909375 0.5053191484374999 0.31524773125 0.499468084375 0.29692951875 0.499468084375 0.2794836015625 0.5015957453125 0.2668353109375 0.5037234046875 0.2502616890625 0.5101063828125 0.24459176562499998 0.5 0.23892184218749998 0.4920212765625 0.2489532453125 0.493617021875 0.2668353109375 0.4920212765625 0.29169574374999996
2 0.7372340421875 0.41687020312499995 0.73457446875 0.4050942078125 0.71542553125 0.392882065625 0.6930851062500001 0.38546755 0.6648936171875001 0.381106071875 0.6670212765625 0.3880844375 0.6739361703125 0.402041171875 0.6856382984375 0.4129448703125 0.6941489359374999 0.420795534375 0.7079787234375 0.4334438234375 0.7212765953125 0.4421667828125 0.7335106390624999 0.43911374687500004 0.7377659578125 0.4321353796875 0.7372340421875 0.41687020312499995
2 0.7351063828125 0.6240404749999999 0.7478723406250001 0.614009071875 0.7537234046875 0.6000523375 0.745212765625 0.5799895328125 0.7414893609375001 0.5734473140625 0.729787234375 0.573011165625 0.7164893609375 0.5804256796875 0.706382978125 0.5991800421875 0.6973404249999999 0.6170621078125 0.6872340421875001 0.6366887640625001 0.700531915625 0.6340718765625 0.7138297875 0.6310188421875 0.7351063828125 0.6240404749999999
3 0.6787234046874999 0.53375785 0.6765957453125 0.550331471875 0.6760638296875 0.56428820625 0.675 0.5725750171875 0.795212765625 0.57213886875 0.790957446875 0.5586182828124999 0.775 0.552948359375 0.7627659578125 0.541172365625 0.7531914890625 0.5232903 0.7425531921874999 0.515875784375 0.72925531875 0.515875784375 0.702127659375 0.5176203765625 0.6856382984375 0.517184228125 0.6787234046874999 0.53375785
3 0.7542553187500001 0.47531402656250005 0.75957446875 0.46528262343750004 0.7675531921875 0.45612351718750005 0.7803191484374999 0.4513258890625 0.78457446875 0.4434752265625 0.78191489375 0.43780530312500004 0.6670212765625 0.44565596718749995 0.6734042546875 0.461793440625 0.679787234375 0.47531402656250005 0.6867021281250001 0.49014305625 0.6893617015625 0.5010467546874999 0.7053191484375 0.5062805296875 0.725 0.5027913468749999 0.738297871875 0.4984298671875 0.7521276593749999 0.4883984640625 0.7542553187500001 0.47531402656250005
0 0.600111659375 0.144449965625 0.5967074046875 0.159802371875 0.61372868125 0.18492449375 0.61372868125 0.198881228125 0.6103244250000001 0.215629309375 0.5950052765625 0.21842065625 0.555856340625 0.226096859375 0.5337286812500001 0.242844940625 0.5150052765625001 0.2609886953125 0.5081967656249999 0.287506490625 0.515856340625 0.31821130468750003 0.5361702125 0.3363572921875 0.55574468125 0.348220515625 0.586382978125 0.3531053734375 0.610212765625 0.354501046875 0.6272340421875 0.348220515625 0.6434042546875001 0.3391486390625 0.647659575 0.3091416609375 0.6553191484374999 0.2923935796875 0.6748936171875 0.28611305 0.685957446875 0.28053035625 0.7055319156250001 0.2728541515625 0.7191489359375 0.2707606421875 0.73957446875 0.2700628046875 0.7514893609375 0.2735519890625 0.7608510640625 0.2854152125 0.7787234046875 0.2875087234375 0.7940425531249999 0.28611305 0.810212765625 0.2735519890625 0.8272340421875001 0.26168876406249997 0.847659575 0.25889741875 0.8442553187499999 0.1744591765625 0.8195404249999999 0.176550453125 0.8025191484375 0.171665596875 0.7718808515625 0.1618958828125 0.7388350640625 0.146543475 0.7218137875 0.12979539375 0.7005371921875 0.127004046875 0.6605371921875001 0.1256083734375 0.631601021875 0.133284578125 0.600111659375 0.144449965625
0 0.7390070921875 0.7336688765625 0.7156028375 0.7284351015625 0.697872340625 0.716222959375 0.6886524828125 0.6952878578125 0.6709219859375 0.6790050015625 0.6432624109375 0.6697005125 0.605673759375 0.67435275625 0.5723404249999999 0.6865648984375 0.5567375890624999 0.7150598984375 0.5510638296875 0.743554896875 0.5631205671874999 0.7708868343749999 0.5843971625 0.7912404046875 0.6177304968749999 0.8022894859375 0.64397163125 0.808686321875 0.6375886515625 0.8272953015625 0.6446808515625 0.8429966265625 0.6609929078125 0.863931728125 0.6751773046875 0.874980809375 0.7092198578125 0.8831222375 0.74397163125 0.874980809375 0.7666666671875 0.8709100953125001 0.79574468125 0.8685839734374999 0.806382978125 0.8569533609375 0.8248226953125 0.8400889734374999 0.850354609375 0.82787683125 0.8907801421875 0.8145016281249999 0.886524821875 0.7243545015625 0.8751773046875 0.7243643875 0.861702128125 0.7197121421875 0.8531914890625 0.7057554078125 0.8304964546875 0.7016846937500001 0.8134751781249999 0.7034292859375 0.8 0.7144783671875 0.790070921875 0.7301796921875 0.7666666671875 0.732505815625 0.7390070921875 0.7336688765625