1 0.8216007718749999 0.06691501093749999 0.8866923812499999 0.37251655625 0.9365155890624999 0.3331953640625 0.96464159375 0.29594370937500003 0.9710703953125 0.2566225171875 0.9630343937499999 0.216611478125 0.9469623921875 0.1641832234375 0.9236579875 0.12486203124999999 0.8939247828125 0.0869205296875 0.8617807781250001 0.06760485625 0.8216007718749999 0.06691501093749999
1 0.8593699765625 0.6553532 0.783831565625 0.9409492265624999 0.7982963671875 0.9430187640625001 0.839279975 0.9333609265625 0.88026358125 0.8919701984374999 0.9099967859375001 0.8471302421875 0.9308903890625 0.798841059375 0.938122790625 0.7546909484375 0.9276759890624999 0.7057119203125 0.903567984375 0.6698399562499999 0.8593699765625 0.6553532
0 0.3628598984375 0.2069536421875 0.3800799 0.22646641406249998 0.391789503125 0.247161778125 0.4041879046875 0.257805109375 0.4441383109375 0.26844843906250004 0.4806447171875 0.2507095546875 0.49510951875 0.240066225 0.510263121875 0.2229186375 0.5240308578125 0.1969016078125 0.51576525625 0.164380321875 0.5019892546875 0.1413197734375 0.47512604999999997 0.1312677390625 0.453084446875 0.1283112578125 0.42897644375 0.127128665625 0.42277724218749996 0.125354778125 0.4076236390625 0.1040681171875 0.41037884062499996 0.0892857140625 0.42277724218749996 0.075685903125 0.42691004218749995 0.061494796875 0.412445240625 0.049077578125 0.3904036375 0.0402081359375 0.3621628328125 0.0313386953125 0.337366028125 0.027199621875000003 0.3063700234375 0.0283822140625 0.2850172203125 0.041982025 0.258842815625 0.0591296125 0.22095880937499998 0.07332071875 0.20167240625 0.0792336796875 0.1865270703125 0.0869205296875 0.1844606703125 0.1756149484375 0.20374707343749998 0.1773888359375 0.21752307499999998 0.186258278125 0.2230334765625 0.1974929046875 0.2492078796875 0.20399716250000002 0.2636726828125 0.2051797546875 0.2829590859375 0.1921712390625 0.2994902875 0.184484390625 0.33324149375 0.1945364234375 0.3628598984375 0.2069536421875
0 0.4001928640625 0.8965215234375 0.3915139828125 0.8725149 0.3770491796875 0.8642367546875 0.375120540625 0.8559586093749999 0.397299903125 0.8443692046875 0.41947926718749995 0.8476804640625 0.45515911249999996 0.8460248343749999 0.47637415625 0.833607615625 0.4879459984375 0.8211903968750001 0.49373191875 0.8004950328125 0.4927675984375 0.765726821875 0.469623915625 0.7367533109375 0.4426229515625 0.7177135765625 0.401157184375 0.7102632453125 0.3731919 0.7243360921875001 0.358727096875 0.743375828125 0.32786885312499997 0.7624155625 0.3037608484375 0.7715215234375 0.278688525 0.76986589375 0.2603664421875 0.7690380796875 0.2459016390625 0.758276490625 0.22275795625 0.7491705296875 0.20443587343749997 0.75496523125 0.1938283515625 0.76738245 0.1764705875 0.77235099375 0.16972034687499998 0.8658940390625001 0.19575699062500002 0.8725149 0.21697203437499998 0.885759934375 0.23529411718749998 0.9023162250000001 0.2603664421875 0.928806290625 0.28736740625 0.9379122515624999 0.32208293125 0.92963410625 0.3654773390625 0.9254950328125 0.38862102187500003 0.91473344375 0.4001928640625 0.8965215234375
2 0.2976534875 0.619826159375 0.30086788750000004 0.63741721875 0.318547090625 0.6508692046875 0.357119896875 0.662596578125 0.36515589843749996 0.6653559609374999 0.36033429687499996 0.6519039734375001 0.351494696875 0.62017108125 0.34225329531250004 0.5925772625 0.3273866921875 0.5698123625 0.31573449062500003 0.563948675 0.2988588875 0.572226821875 0.2976534875 0.6001655625 0.2976534875 0.619826159375
3 0.279572484375 0.4928945921875 0.279572484375 0.502552428125 0.2827868859375 0.5180739515624999 0.281581484375 0.5349751656249999 0.271536484375 0.5446330015624999 0.25626808125 0.552221303125 0.24702667968749997 0.5687775937499999 0.354307296875 0.5632588296875001 0.351092896875 0.5504966890625 0.34466409531250003 0.54014900625 0.33863709375 0.5246274828125 0.3301992921875 0.5049668875 0.3245740921875 0.48944536406249994 0.319752490625 0.48530629062499997 0.31051108906249997 0.483581678125 0.2928318859375 0.4870309046875 0.279572484375 0.4928945921875
2 0.3438604953125 0.381484546875 0.3607360984375 0.35733995625000003 0.3788171 0.31146523125000003 0.3679684984375 0.3118101546875 0.35310189687500004 0.31353476874999997 0.33220829375 0.3207781453125 0.318547090625 0.33629966875 0.314529090625 0.3583747234375 0.31252009062499997 0.3828642390625 0.31252009062499997 0.40080022031249996 0.32658309218750003 0.4045943703125 0.3438604953125 0.381484546875
3 0.30568948906250004 0.477717990625 0.314127290625 0.4780629140625 0.3213596921875 0.4780629140625 0.3310028921875 0.4632312359375 0.33743169375000004 0.447364790625 0.34466409531250003 0.42873896250000004 0.351896496875 0.41632174375000003 0.358727096875 0.4045943703125 0.2618932828125 0.4059740609375 0.273545484375 0.4204608171875 0.281983284375 0.42873896250000004 0.28359048593749997 0.445295253125 0.27876888437499997 0.4594370859375 0.279974284375 0.46806015468749995 0.2876084859375 0.4728890734375 0.2904210859375 0.4756484546875 0.2980552875 0.4766832234375 0.30568948906250004 0.477717990625
5 0.4410961109375 0.29145971249999997 0.41779170624999995 0.291114790625 0.39971070468750003 0.294908940625 0.391272903125 0.3018073953125 0.398505303125 0.3107753859375 0.41859530781250004 0.312844921875 0.4398907109375 0.3080160046875 0.4519447125 0.30111754999999996 0.47042751562499996 0.2955987859375 0.45274831249999997 0.29525386249999996 0.4410961109375 0.29145971249999997
4 0.535920925 0.155905078125 0.5270813249999999 0.1579746140625 0.529893925 0.1638383 0.532706525 0.1879828921875 0.530697525 0.20936810156250002 0.5246705234375 0.23351269375 0.512616521875 0.25213852187499997 0.527483125 0.243860375 0.5379299265624999 0.229028696875 0.5431533265625 0.2114376375 0.5423497265624999 0.192811809375 0.5411443265625 0.17246136875 0.535920925 0.155905078125
5 0.41819350625 0.6867411703124999 0.4250241078125 0.6867411703124999 0.43306010937500006 0.68501655625 0.4398907109375 0.6857064015625001 0.45114111250000005 0.6832919421875 0.4394889109375 0.679842715625 0.4290421078125 0.679842715625 0.4198007078125 0.6753587203125 0.41055930625 0.672254415625 0.40051430468750004 0.66777041875 0.393683703125 0.663631346875 0.3888621015625 0.6612168875 0.3727901 0.6653559609374999 0.3691739 0.6708747234375 0.3687720984375 0.677773178125 0.3695756984375 0.6805325609375 0.3788171 0.6857064015625001 0.390871103125 0.6857064015625001 0.398505303125 0.686051325 0.4053359046875 0.687431015625 0.4097557046875 0.687431015625 0.41819350625 0.6867411703124999
4 0.5202507234375 0.796081678125 0.5190453234375 0.776076159375 0.515429121875 0.7595198671875 0.509402121875 0.7467577265625 0.49413371875 0.73847958125 0.5037769203125 0.7495171078125 0.508598521875 0.7643487859375 0.510205721875 0.7805601546875 0.509803921875 0.795046909375 0.508196721875 0.8095336640624999 0.49935712031249996 0.8226407281249999 0.4989553203125 0.831263796875 0.5134201218750001 0.831263796875 0.517036321875 0.8164321187500001 0.5202507234375 0.796081678125