1 0.2566225171875 0.0289296046875 0.216611478125 0.03696560625 0.1641832234375 0.0530376078125 0.12486203124999999 0.0763420125 0.0869205296875 0.10607521718749999 0.06760485625 0.138219221875 0.06691501093749999 0.178399228125 0.37251655625 0.11330761874999999 0.3331953640625 0.0634844109375 0.29594370937500003 0.03535840625 0.2566225171875 0.0289296046875
1 0.8919701984374999 0.11973641875 0.8471302421875 0.0900032140625 0.798841059375 0.0691096109375 0.7546909484375 0.061877209375 0.7057119203125 0.0723240109375 0.6698399562499999 0.096432015625 0.6553532 0.1406300234375 0.9409492265624999 0.21616843437500002 0.9430187640625001 0.2017036328125 0.9333609265625 0.160720025 0.8919701984374999 0.11973641875
0 0.1974929046875 0.7769665234375001 0.20399716250000002 0.7507921203125 0.2051797546875 0.7363273171875 0.1921712390625 0.7170409140625 0.184484390625 0.7005097124999999 0.1945364234375 0.66675850625 0.2069536421875 0.6371401015625 0.22646641406249998 0.6199201000000001 0.247161778125 0.6082104968750001 0.257805109375 0.5958120953125 0.26844843906250004 0.5558616890625 0.2507095546875 0.5193552828125 0.240066225 0.50489048125 0.2229186375 0.489736878125 0.1969016078125 0.47596914218749997 0.164380321875 0.48423474375 0.1413197734375 0.4980107453125 0.1312677390625 0.52487395 0.1283112578125 0.5469155531250001 0.127128665625 0.57102355625 0.125354778125 0.5772227578125 0.1040681171875 0.5923763609375 0.0892857140625 0.589621159375 0.075685903125 0.5772227578125 0.061494796875 0.5730899578125 0.049077578125 0.587554759375 0.0402081359375 0.6095963625 0.0313386953125 0.6378371671874999 0.027199621875000003 0.662633971875 0.0283822140625 0.6936299765625 0.041982025 0.7149827796875 0.0591296125 0.741157184375 0.07332071875 0.779041190625 0.0792336796875 0.7983275937500001 0.0869205296875 0.8134729296875 0.1756149484375 0.8155393296875 0.1773888359375 0.7962529265625 0.186258278125 0.782476925 0.1974929046875 0.7769665234375001
0 0.9023162250000001 0.7647058828125 0.928806290625 0.7396335578125 0.9379122515624999 0.71263259375 0.92963410625 0.67791706875 0.9254950328125 0.6345226609375 0.91473344375 0.6113789781250001 0.8965215234375 0.5998071359375 0.8725149 0.6084860171875001 0.8642367546875 0.6229508203125 0.8559586093749999 0.624879459375 0.8443692046875 0.602700096875 0.8476804640625 0.5805207328125 0.8460248343749999 0.5448408875 0.833607615625 0.52362584375 0.8211903968750001 0.5120540015625 0.8004950328125 0.50626808125 0.765726821875 0.5072324015625 0.7367533109375 0.5303760843750001 0.7177135765625 0.5573770484375 0.7102632453125 0.5988428156250001 0.7243360921875001 0.6268081 0.743375828125 0.641272903125 0.7624155625 0.672131146875 0.7715215234375 0.6962391515624999 0.76986589375 0.721311475 0.7690380796875 0.7396335578125 0.758276490625 0.7540983609375 0.7491705296875 0.7772420437500001 0.75496523125 0.7955641265625 0.76738245 0.8061716484374999 0.77235099375 0.8235294124999999 0.8658940390625001 0.830279653125 0.8725149 0.8042430093749999 0.885759934375 0.783027965625 0.9023162250000001 0.7647058828125
2 0.62017108125 0.648505303125 0.5925772625 0.6577467046875001 0.5698123625 0.6726133078125 0.563948675 0.6842655093750001 0.572226821875 0.7011411125 0.6001655625 0.7023465125 0.619826159375 0.7023465125 0.63741721875 0.6991321125 0.6508692046875 0.681452909375 0.662596578125 0.642880103125 0.6653559609374999 0.6348441015625 0.6519039734375001 0.639665703125 0.62017108125 0.648505303125
3 0.5246274828125 0.66136290625 0.5049668875 0.6698007078125 0.48944536406249994 0.6754259078125 0.48530629062499997 0.680247509375 0.483581678125 0.6894889109375 0.4870309046875 0.7071681140625 0.4928945921875 0.720427515625 0.502552428125 0.720427515625 0.5180739515624999 0.7172131140625 0.5349751656249999 0.718418515625 0.5446330015624999 0.728463515625 0.552221303125 0.74373191875 0.5687775937499999 0.7529733203125 0.5632588296875001 0.645692703125 0.5504966890625 0.648907103125 0.54014900625 0.6553359046875 0.5246274828125 0.66136290625
2 0.3207781453125 0.66779170625 0.33629966875 0.681452909375 0.3583747234375 0.685470909375 0.3828642390625 0.687479909375 0.40080022031249996 0.687479909375 0.4045943703125 0.6734169078125001 0.381484546875 0.6561395046875 0.35733995625000003 0.6392639015625 0.31146523125000003 0.6211829 0.3118101546875 0.6320315015625 0.31353476874999997 0.6468981031250001 0.3207781453125 0.66779170625
3 0.445295253125 0.7164095140625 0.4594370859375 0.721231115625 0.46806015468749995 0.7200257156250001 0.4728890734375 0.7123915140625 0.4756484546875 0.7095789140625001 0.4766832234375 0.7019447125 0.477717990625 0.6943105109375 0.4780629140625 0.685872709375 0.4780629140625 0.6786403078125 0.4632312359375 0.6689971078125 0.447364790625 0.6625683062500001 0.42873896250000004 0.6553359046875 0.41632174375000003 0.648103503125 0.4045943703125 0.641272903125 0.4059740609375 0.7381067171875 0.4204608171875 0.726454515625 0.42873896250000004 0.7180167156249999 0.445295253125 0.7164095140625
5 0.3107753859375 0.601494696875 0.312844921875 0.5814046921875 0.3080160046875 0.5601092890625 0.30111754999999996 0.5480552875 0.2955987859375 0.529572484375 0.29525386249999996 0.5472516875 0.29145971249999997 0.5589038890625 0.291114790625 0.58220829375 0.294908940625 0.6002892953125001 0.3018073953125 0.608727096875 0.3107753859375 0.601494696875
4 0.25213852187499997 0.48738347812500005 0.243860375 0.472516875 0.229028696875 0.4620700734375 0.2114376375 0.45684667343749996 0.192811809375 0.45765027343750003 0.17246136875 0.45885567343749994 0.155905078125 0.464079075 0.1579746140625 0.472918675 0.1638383 0.470106075 0.1879828921875 0.46729347499999996 0.20936810156250002 0.469302475 0.23351269375 0.4753294765625 0.25213852187499997 0.48738347812500005
5 0.6805325609375 0.6304243015625 0.6857064015625001 0.6211829 0.6857064015625001 0.6091288968749999 0.686051325 0.601494696875 0.687431015625 0.5946640953125 0.687431015625 0.5902442953125 0.6867411703124999 0.58180649375 0.6867411703124999 0.5749758921875 0.68501655625 0.5669398906249999 0.6857064015625001 0.5601092890625 0.6832919421875 0.5488588875 0.679842715625 0.5605110890625 0.679842715625 0.5709578921875 0.6753587203125 0.5801992921875 0.672254415625 0.5894406937500001 0.66777041875 0.5994856953125 0.663631346875 0.606316296875 0.6612168875 0.6111378984375 0.6653559609374999 0.6272099 0.6708747234375 0.6308261 0.677773178125 0.6312279015625 0.6805325609375 0.6304243015625
4 0.795046909375 0.490196078125 0.8095336640624999 0.491803278125 0.8226407281249999 0.5006428796875 0.831263796875 0.5010446796875 0.831263796875 0.486579878125 0.8164321187500001 0.48296367812499996 0.796081678125 0.4797492765625 0.776076159375 0.4809546765625 0.7595198671875 0.484570878125 0.7467577265625 0.490597878125 0.73847958125 0.50586628125 0.7495171078125 0.49622307968749996 0.7643487859375 0.49140147812499996 0.7805601546875 0.48979427812500004 0.795046909375 0.490196078125