1 0.3214410328125 0.06808510625 0.28611305 0.0781914890625 0.2573272859375 0.0925531921875 0.227669225 0.111702128125 0.19757501718749998 0.1281914890625 0.18100139531249998 0.152127659375 0.164863921875 0.186702128125 0.1626831828125 0.20691489375 0.40997906562499997 0.1308510640625 0.3864270765625 0.09680851093750001 0.3510990921875 0.0760638296875 0.3214410328125 0.06808510625
1 0.8644452203125 0.1037234046875 0.830861828125 0.075 0.7868108859375 0.0558510640625 0.7458129796875 0.0446808515625 0.7100488484375 0.049468084375 0.68475226875 0.065957446875 0.6564026515625 0.0920212765625 0.6402651781250001 0.11702127656250001 0.8975924640624999 0.1893617015625 0.8941032796874999 0.163297871875 0.8805826937499999 0.1351063828125 0.8644452203125 0.1037234046875
2 0.6848315671874999 0.5419729203125 0.6724608265625001 0.5454545453125 0.6543805109374999 0.5489361703125 0.64486455625 0.5586073500000001 0.6312250203125 0.569439071875 0.620440271875 0.5860735015625 0.6182198828125001 0.6015473890624999 0.6229778593749999 0.6085106390624999 0.6290046312500001 0.6096711796875 0.6378861890625 0.610444875 0.6502569312500001 0.6100580265625 0.664213665625 0.6065764015624999 0.6753156125 0.6085106390624999 0.6816595828125 0.6019342359375 0.6861003609375 0.59303675 0.6883207515625 0.581431334375 0.6889551484374999 0.5682785296875 0.68863795 0.5520309484375 0.6848315671874999 0.5419729203125
3 0.5725432968749999 0.5651837515625 0.5503394015625 0.5709864609374999 0.5484362109375 0.5833655703125 0.5481190125000001 0.60077369375 0.5481190125000001 0.6189555125 0.5566833718749999 0.630947775 0.5684197171875 0.633268859375 0.5795216640625 0.6317214703125 0.5953815890625 0.6286266921875 0.6042631484375 0.6317214703125 0.6188542796875 0.637524178125 0.619171478125 0.5411992265625 0.6083867281249999 0.5493230171875 0.5956987875 0.5562862671875 0.5725432968749999 0.5651837515625
2 0.4564486453125 0.5833655703125 0.44756708749999996 0.5713733078125001 0.4367823390625 0.5659574468749999 0.41965361874999996 0.5578336562499999 0.40537968593749996 0.5570599609375 0.395229334375 0.5566731140625001 0.39142295312500003 0.569439071875 0.389836959375 0.5860735015625 0.39205735 0.60077369375 0.396498128125 0.6139264984375 0.40284209843749996 0.6216634437499999 0.4114064578125 0.625531915625 0.421874009375 0.6220502906250001 0.437733934375 0.622823984375 0.43741673593749997 0.62321083125 0.456131446875 0.6205029015625 0.46342701249999996 0.6154738875 0.4631098140625 0.5949709859375 0.4564486453125 0.5833655703125
3 0.49641565625000006 0.6352030953125001 0.5163991625000001 0.633268859375 0.527818309375 0.6367504828125 0.5354310734375 0.634042553125 0.5405062484375 0.6251450671875001 0.5420922421875 0.6119922625 0.5417750421874999 0.5992263062500001 0.539554653125 0.5868471953125 0.535748271875 0.57678916875 0.5335278812500001 0.5721470015625 0.523694728125 0.5717601546875 0.507834803125 0.5675048359375 0.4935608703125 0.5644100578125 0.48087292968749995 0.5593810453125 0.4751633578125 0.5562862671875 0.4643786078125 0.5477756281249999 0.464061409375 0.6584139265625 0.47452896093749997 0.6464216640625 0.485313709375 0.6398452609375 0.49641565625000006 0.6352030953125001
5 0.379515809375 0.5531914890625 0.3824681953125 0.5581014734374999 0.3875677703125 0.5581014734374999 0.39508293437500003 0.5558101468750001 0.3961565296875 0.55057283125 0.397766921875 0.5427168578125 0.397230125 0.53420621875 0.39508293437500003 0.5260229125 0.3961565296875 0.517512275 0.3961565296875 0.5109656296875 0.39320414375 0.49918166875000003 0.391325353125 0.4893617015625 0.38810456875 0.4821603921875 0.381931396875 0.47037643124999995 0.3784422140625 0.4641571203125 0.372805840625 0.45793780625 0.374147834375 0.471031096875 0.3749530296875 0.481178396875 0.38005260625 0.497217675 0.3811262015625 0.5067103109375 0.38032100468749996 0.5247135843749999 0.38032100468749996 0.5355155484375 0.3797842078125 0.5430441890625 0.379515809375 0.5531914890625
4 0.3287884484375 0.44189852656250006 0.342476784375 0.44582651406249996 0.3518707390625 0.45139116250000005 0.359654303125 0.4559738140625 0.3470395625 0.44189852656250006 0.3360352140625 0.43829787187499997 0.325030865625 0.43142389531249997 0.3108057328125 0.43240589218750003 0.298727790625 0.432078559375 0.2887970375 0.436006546875 0.27940308125 0.439934534375 0.27403510625 0.4425531921875 0.27349830937499997 0.44942716875000005 0.27403510625 0.452373159375 0.2777926890625 0.452373159375 0.28181867031249996 0.452373159375 0.28235546718750004 0.44713584375000004 0.2909442265625 0.4409165296875 0.3035589671875 0.4396072015625 0.31644210625 0.44124386250000003 0.3287884484375 0.44189852656250006
5 0.683343175 0.5371522093750001 0.694615921875 0.54435351875 0.7021310859375001 0.5397708671875 0.7021310859375001 0.5247135843749999 0.697031509375 0.510310965625 0.6954211171875 0.49263502499999995 0.6967631109375 0.4779050734375 0.69783670625 0.46382978750000003 0.6989103015625 0.45008183281249997 0.6889795484375 0.46579378125000004 0.6903215421875 0.4641571203125 0.6854903640625001 0.481178396875 0.6836115734375 0.49689034374999996 0.6836115734375 0.5250409171875 0.683343175 0.5371522093750001
4 0.7810403140625 0.41963993437499997 0.7888238765625 0.42258592500000003 0.796607440625 0.42520458281250006 0.8009018203125 0.42913256874999994 0.8022438140625001 0.42259738125 0.7982178328125 0.41572340468749996 0.7864082875 0.41375941093749996 0.7756723390625 0.41408674375 0.766009984375 0.41179541718749996 0.7558108328124999 0.4150687390625 0.7445380859374999 0.4167054015625 0.7372913203125 0.427823240625 0.7485640671875 0.42258592500000003 0.7606420093749999 0.41931260156250005 0.7697675671875001 0.4186579375 0.7810403140625 0.41963993437499997
0 0.8835388078124999 0.63079773125 0.8916802359375 0.609048321875 0.8998216640625 0.5986464296875 0.9106769015625 0.5825707796875 0.9102892140625001 0.5523107328125 0.9068000312500001 0.52725163125 0.8998216640625 0.509284728125 0.8936186703125 0.4861168796875 0.88508955625 0.4724052953125 0.8742343187499999 0.477133428125 0.8641544546875 0.497464396875 0.85136078125 0.49935565000000004 0.8296503062499999 0.49557314375 0.815693571875 0.4865896921875 0.8125920750000001 0.4747693609375 0.80716445625 0.45680245937499997 0.8017368375 0.43836274218750004 0.7808017375 0.427015225 0.7602543234375 0.42748803750000003 0.733891603125 0.4355258625 0.7218733046875 0.4516015125 0.71993486875 0.46956841562499996 0.7183841203125 0.4931442078125 0.71450725 0.5120567375 0.71993486875 0.53238770625 0.733891603125 0.550354609375 0.7501744593749999 0.5555555562500001 0.76335581875 0.5569739953124999 0.7718849343749999 0.5650118203125001 0.7769248656250001 0.590070921875 0.783127859375 0.6137115843750001 0.7726603078125 0.6302600468749999 0.7726603078125 0.640189125 0.7788633015624999 0.65153664375 0.7842909203125 0.6614657203125 0.7901062265625 0.6704491734375 0.7908816 0.6950354609375 0.8664805765624999 0.6964539015625 0.8684190125000001 0.682471678125 0.876560440625 0.6544383921875 0.8835388078124999 0.63079773125
0 0.31402651718749997 0.6468085109375 0.3014654578125 0.6314893609375 0.30216329375 0.614468084375 0.30704815 0.5897872343749999 0.31402651718749997 0.5744680843750001 0.33496161875 0.5744680843750001 0.3517097 0.5625531921875 0.36217725 0.5370212765625 0.3579902296875 0.5131914890625 0.3579902296875 0.4927659578125 0.3607815765625 0.474042553125 0.3426378234375 0.4561702125 0.31821353750000003 0.44765957500000003 0.29169574374999996 0.44765957500000003 0.271458478125 0.4731914890625 0.263782275 0.5038297875 0.25540823437500004 0.52 0.23447313281249998 0.5234042546875 0.2240055828125 0.5165957453125001 0.21214235937499998 0.497872340625 0.1933007671875 0.5072340421875 0.183531053125 0.537872340625 0.1723656671875 0.5685106390625 0.1723656671875 0.6051063828125 0.183531053125 0.6119148937500001 0.19260293125 0.625531915625 0.2100488484375 0.6587234046875 0.21981856249999998 0.7055319156250001 0.2972784375 0.7055319156250001 0.299371946875 0.6868085109375001 0.3084438234375 0.6740425531249999 0.31402651718749997 0.6468085109375