1 0.8132978718749999 0.164863921875 0.7930851062500001 0.1626831828125 0.8691489359375 0.40997906562499997 0.9031914890625 0.3864270765625 0.9239361703125001 0.3510990921875 0.9319148937499999 0.3214410328125 0.9218085109375 0.28611305 0.9074468078125 0.2573272859375 0.888297871875 0.227669225 0.8718085109375 0.19757501718749998 0.8478723406249999 0.18100139531249998 0.8132978718749999 0.164863921875
1 0.9079787234375001 0.6564026515625 0.8829787234375001 0.6402651781250001 0.8106382984374999 0.8975924640624999 0.836702128125 0.8941032796874999 0.8648936171875 0.8805826937499999 0.8962765953125 0.8644452203125 0.925 0.830861828125 0.9441489359374999 0.7868108859375 0.9553191484375001 0.7458129796875 0.950531915625 0.7100488484375 0.9340425531250001 0.68475226875 0.9079787234375001 0.6564026515625
2 0.3984526109375 0.6182198828125001 0.3914893609375 0.6229778593749999 0.3903288203125 0.6290046312500001 0.389555125 0.6378861890625 0.3899419734375 0.6502569312500001 0.39342359843749997 0.664213665625 0.3914893609375 0.6753156125 0.3980657640625 0.6816595828125 0.40696325 0.6861003609375 0.41856866562499995 0.6883207515625 0.43172147031249997 0.6889551484374999 0.4479690515625 0.68863795 0.4580270796875 0.6848315671874999 0.45454545468749996 0.6724608265625001 0.45106382968750003 0.6543805109374999 0.44139264999999994 0.64486455625 0.43056092812499996 0.6312250203125 0.4139264984375 0.620440271875 0.3984526109375 0.6182198828125001
3 0.366731140625 0.5684197171875 0.3682785296875 0.5795216640625 0.3713733078125 0.5953815890625 0.3682785296875 0.6042631484375 0.362475821875 0.6188542796875 0.45880077343750003 0.619171478125 0.4506769828125 0.6083867281249999 0.4437137328125 0.5956987875 0.4348162484375 0.5725432968749999 0.4290135390625 0.5503394015625 0.4166344296875 0.5484362109375 0.39922630625 0.5481190125000001 0.3810444875 0.5481190125000001 0.369052225 0.5566833718749999 0.366731140625 0.5684197171875
2 0.43056092812499996 0.39142295312500003 0.4139264984375 0.389836959375 0.39922630625 0.39205735 0.3860735015625 0.396498128125 0.37833655624999996 0.40284209843749996 0.374468084375 0.4114064578125 0.377949709375 0.421874009375 0.377176015625 0.437733934375 0.37678916875 0.43741673593749997 0.3794970984375 0.456131446875 0.3845261125 0.46342701249999996 0.4050290140625 0.4631098140625 0.4166344296875 0.4564486453125 0.4286266921875 0.44756708749999996 0.434042553125 0.4367823390625 0.44216634375 0.41965361874999996 0.4429400390625 0.40537968593749996 0.44332688593749997 0.395229334375 0.43056092812499996 0.39142295312500003
3 0.40077369375 0.5417750421874999 0.41315280468750004 0.539554653125 0.42321083125000003 0.535748271875 0.4278529984375 0.5335278812500001 0.42823984531250003 0.523694728125 0.4324951640625 0.507834803125 0.43558994218749997 0.4935608703125 0.4406189546875 0.48087292968749995 0.4437137328125 0.4751633578125 0.45222437187500003 0.4643786078125 0.34158607343749997 0.464061409375 0.3535783359375 0.47452896093749997 0.3601547390625 0.485313709375 0.36479690468750003 0.49641565625000006 0.366731140625 0.5163991625000001 0.3632495171875 0.527818309375 0.365957446875 0.5354310734375 0.37485493281250004 0.5405062484375 0.3880077375 0.5420922421875 0.40077369375 0.5417750421874999
5 0.46579378125000004 0.397230125 0.47397708749999995 0.39508293437500003 0.48248772500000003 0.3961565296875 0.48903437031249997 0.3961565296875 0.50081833125 0.39320414375 0.5106382984375 0.391325353125 0.5178396078125 0.38810456875 0.52962356875 0.381931396875 0.5358428796875 0.3784422140625 0.54206219375 0.372805840625 0.528968903125 0.374147834375 0.5188216031249999 0.3749530296875 0.502782325 0.38005260625 0.4932896890625 0.3811262015625 0.475286415625 0.38032100468749996 0.46448445156249996 0.38032100468749996 0.45695581093750004 0.3797842078125 0.4468085109375 0.379515809375 0.44189852656250006 0.3824681953125 0.44189852656250006 0.3875677703125 0.444189853125 0.39508293437500003 0.44942716875000005 0.3961565296875 0.4572831421875 0.397766921875 0.46579378125000004 0.397230125
4 0.5685761046875 0.325030865625 0.5675941078125 0.3108057328125 0.5679214406249999 0.298727790625 0.5639934531249999 0.2887970375 0.5600654656249999 0.27940308125 0.5574468078125 0.27403510625 0.55057283125 0.27349830937499997 0.547626840625 0.27403510625 0.547626840625 0.2777926890625 0.547626840625 0.28181867031249996 0.55286415625 0.28235546718750004 0.5590834703125 0.2909442265625 0.5603927984375 0.3035589671875 0.5587561375 0.31644210625 0.5581014734374999 0.3287884484375 0.5541734859375 0.342476784375 0.5486088375 0.3518707390625 0.5440261859375 0.359654303125 0.5581014734374999 0.3470395625 0.5617021281250001 0.3360352140625 0.5685761046875 0.325030865625
5 0.5220949265625 0.6967631109375 0.5361702125 0.69783670625 0.5499181671875 0.6989103015625 0.53420621875 0.6889795484375 0.5358428796875 0.6903215421875 0.5188216031249999 0.6854903640625001 0.50310965625 0.6836115734375 0.4749590828125 0.6836115734375 0.462847790625 0.683343175 0.45564648124999996 0.694615921875 0.4602291328125 0.7021310859375001 0.475286415625 0.7021310859375001 0.489689034375 0.697031509375 0.507364975 0.6954211171875 0.5220949265625 0.6967631109375
4 0.5862405890625 0.7864082875 0.58591325625 0.7756723390625 0.5882045828125 0.766009984375 0.5849312609374999 0.7558108328124999 0.5832945984375 0.7445380859374999 0.572176759375 0.7372913203125 0.577414075 0.7485640671875 0.5806873984375 0.7606420093749999 0.5813420625 0.7697675671875001 0.5803600656250001 0.7810403140625 0.577414075 0.7888238765625 0.5747954171874999 0.796607440625 0.5708674312500001 0.8009018203125 0.57740261875 0.8022438140625001 0.5842765953125 0.7982178328125 0.5862405890625 0.7864082875
0 0.49071527187499997 0.8998216640625 0.5138831203125 0.8936186703125 0.5275947046875 0.88508955625 0.5228665718750001 0.8742343187499999 0.502535603125 0.8641544546875 0.50064435 0.85136078125 0.50442685625 0.8296503062499999 0.5134103078125001 0.815693571875 0.5252306390625 0.8125920750000001 0.543197540625 0.80716445625 0.5616372578125 0.8017368375 0.572984775 0.7808017375 0.5725119624999999 0.7602543234375 0.5644741375 0.733891603125 0.5483984875 0.7218733046875 0.530431584375 0.71993486875 0.5068557921875 0.7183841203125 0.4879432625 0.71450725 0.46761229374999996 0.71993486875 0.44964539062500003 0.733891603125 0.44444444375 0.7501744593749999 0.44302600468750003 0.76335581875 0.4349881796875 0.7718849343749999 0.40992907812499996 0.7769248656250001 0.386288415625 0.783127859375 0.36973995312499996 0.7726603078125 0.35981087500000003 0.7726603078125 0.34846335625 0.7788633015624999 0.3385342796875 0.7842909203125 0.3295508265625 0.7901062265625 0.3049645390625 0.7908816 0.30354609843749997 0.8664805765624999 0.317528321875 0.8684190125000001 0.3455616078125 0.876560440625 0.36920226875 0.8835388078124999 0.390951678125 0.8916802359375 0.4013535703125 0.8998216640625 0.41742922031249996 0.9106769015625 0.4476892671875 0.9102892140625001 0.47274836875000004 0.9068000312500001 0.49071527187499997 0.8998216640625
0 0.4374468078125 0.3517097 0.46297872343749996 0.36217725 0.48680851093750005 0.3579902296875 0.5072340421875 0.3579902296875 0.525957446875 0.3607815765625 0.5438297875 0.3426378234375 0.5523404249999999 0.31821353750000003 0.5523404249999999 0.29169574374999996 0.5268085109375 0.271458478125 0.49617021250000004 0.263782275 0.48 0.25540823437500004 0.4765957453125 0.23447313281249998 0.4834042546875 0.2240055828125 0.5021276593749999 0.21214235937499998 0.4927659578125 0.1933007671875 0.462127659375 0.183531053125 0.4314893609375 0.1723656671875 0.3948936171875 0.1723656671875 0.38808510625000003 0.183531053125 0.374468084375 0.19260293125 0.3412765953125 0.2100488484375 0.294468084375 0.21981856249999998 0.294468084375 0.2972784375 0.3131914890625 0.299371946875 0.325957446875 0.3084438234375 0.3531914890625 0.31402651718749997 0.36851063906250003 0.3014654578125 0.385531915625 0.30216329375 0.41021276562500003 0.30704815 0.425531915625 0.31402651718749997 0.425531915625 0.33496161875 0.4374468078125 0.3517097