1 0.3198418234375 0.2085106390625 0.2983251921875 0.19858156093749998 0.24947662187500003 0.2 0.2209816234375 0.2106382984375 0.18841591093750001 0.22836879375 0.1529425453125 0.24964539062500002 0.140148871875 0.27163120625000003 0.1331705046875 0.293617021875 0.1273551984375 0.3226950359375 0.370434984375 0.2687943265625 0.36054896406250003 0.24822695 0.3390323328125 0.226241134375 0.3198418234375 0.2085106390625
1 0.8635729234375 0.30780141875 0.8519423125 0.28723404218750004 0.8310072109375 0.270212765625 0.8118167015625 0.25602836875 0.793207721875 0.24255319218750002 0.7606420093749999 0.2304964546875 0.7350546640625 0.21985815625 0.7216794609375 0.213475178125 0.695510584375 0.214184396875 0.6722493609375 0.2304964546875 0.647825075 0.2468085109375 0.6391021171875 0.2609929078125 0.635031403125 0.286524821875 0.8693882296875 0.373758865625 0.8757850656249999 0.35035460937499996 0.8699697609375001 0.3269503546875 0.8635729234375 0.30780141875
2 0.5792044656249999 0.7893617015625 0.568736915625 0.8099290781249999 0.5792044656249999 0.8148936171875001 0.5978134453124999 0.8106382984374999 0.6082809953125 0.8127659578124999 0.623982321875 0.8028368796875001 0.635031403125 0.7929078015625 0.644917421875 0.77163120625 0.64840660625 0.7510638296875001 0.6175854843749999 0.7609929078125 0.596068853125 0.7730496453125 0.5792044656249999 0.7893617015625
3 0.5065131421875 0.793617021875 0.49255640781250004 0.7992907796875001 0.49255640781250004 0.8085106390625001 0.494301 0.8297872343750001 0.494301 0.8489361703125 0.499534775 0.85248226875 0.51058385625 0.853900709375 0.5291928359375 0.85248226875 0.53907885625 0.8425531921875 0.5536171203125 0.8468085109375 0.5710630375 0.8546099296874999 0.568155384375 0.761702128125 0.546057221875 0.7765957453125 0.524540590625 0.7836879437500001 0.5065131421875 0.793617021875
2 0.3733426375 0.7517730499999999 0.3588043734375 0.7390070921875 0.3460107 0.7304964546875 0.326820190625 0.727659575 0.326820190625 0.7361702125 0.326820190625 0.74397163125 0.3285647828125 0.7546099296875 0.33089090468750004 0.7730496453125 0.348918353125 0.79219858125 0.3634566171875 0.7992907796875001 0.37915794375 0.8014184390624999 0.397766921875 0.8035460984375 0.39718539218750004 0.78014184375 0.3861363109375 0.765957446875 0.3733426375 0.7517730499999999
3 0.42160967656250004 0.8354609921874999 0.426261921875 0.8354609921874999 0.4297511046875 0.8361702125000001 0.43789253281249996 0.8397163125 0.44080018593750003 0.8482269499999999 0.453593859375 0.850354609375 0.46580600156249996 0.85602836875 0.4826703890625 0.849645390625 0.48208885781250005 0.827659575 0.4815073265625 0.8035460984375 0.480344265625 0.794326240625 0.46289834843750005 0.778014184375 0.4460339609375 0.7673758859375 0.4239357984375 0.7567375890625 0.4134682484375 0.750354609375 0.4000930453125 0.7354609921875 0.39951151406249996 0.849645390625 0.41114212656250004 0.8375886515625 0.4175389625 0.8361702125000001 0.42160967656250004 0.8354609921874999
5 0.33305842812500003 0.7222437140625 0.33749920625 0.7121856875 0.33654761093749996 0.6994197296875 0.33527881718749997 0.69052224375 0.33591321406249997 0.6804642171874999 0.334327221875 0.6727272734375 0.33178963437500003 0.6611218562500001 0.330203640625 0.649516440625 0.32734885468749997 0.638297871875 0.3257628625 0.6526112187499999 0.3257628625 0.6688588015625 0.326397259375 0.6808510640625001 0.3257628625 0.6889748546875001 0.3235424734375 0.7075435203125 0.323225275 0.717601546875 0.3257628625 0.7237911031250001 0.33305842812500003 0.7222437140625
4 0.268032734375 0.581431334375 0.282623865625 0.5876208890625 0.28865063750000003 0.5891682781250001 0.2753283 0.57678916875 0.2632747578125 0.5713733078125001 0.2499524203125 0.5686653765624999 0.23314089999999998 0.5705996125 0.22172175312500003 0.5752417796875 0.2201357609375 0.5798839453125 0.22235615000000003 0.5868471953125 0.2280657234375 0.5837524171874999 0.23567848749999998 0.5794970984375001 0.245828840625 0.57678916875 0.25566199375 0.5760154734375 0.268032734375 0.581431334375
5 0.6591384890625 0.7381044484375 0.66072448125 0.732301740625 0.661993275 0.71992263125 0.6610416796874999 0.7121856875 0.6581868937500001 0.7036750484375001 0.6543805109374999 0.694390715625 0.6518429234374999 0.6808510640625001 0.6480365406249999 0.6700193421875 0.6458161515625 0.6669245640625 0.6464505484374999 0.6858800781250001 0.6451817546874999 0.6967117984375 0.6454989531249999 0.7067698265625 0.642961365625 0.713346228125 0.6435957625000001 0.7261121859374999 0.6451817546874999 0.7384912953125 0.6512085265625001 0.74235976875 0.6591384890625 0.7381044484375
4 0.7498572609374999 0.6073500968750001 0.75873881875 0.6135396515625 0.7650827890625 0.6135396515625 0.7682547734375 0.60773694375 0.7688891703125 0.599613153125 0.7584216203125 0.599613153125 0.746685275 0.5976789171875 0.7359005265625 0.5941972921875001 0.7213093953125 0.5941972921875001 0.7130622343749999 0.5965183749999999 0.7060838671874999 0.6 0.6987883015625 0.608123790625 0.7064010656249999 0.6061895546875 0.7155998218749999 0.6019342359375 0.7273361671874999 0.5988394578125 0.7384381140625 0.6027079296875 0.7498572609374999 0.6073500968750001
0 0.7752331406249999 0.6390715671875 0.76666878125 0.6294003874999999 0.7539808406249999 0.6216634437499999 0.736217725 0.61470019375 0.7175030125 0.6127659578125 0.7038634781249999 0.619342359375 0.6927615296875 0.630947775 0.6883207515625 0.6464216640625 0.68451436875 0.6603481625 0.6781703984375 0.6700193421875 0.673412421875 0.6816247578125 0.6705576343749999 0.6990328828125 0.6746812156249999 0.7110251453124999 0.67912199375 0.7234042546875 0.6905411406249999 0.732301740625 0.7060838671874999 0.7431334625 0.7171858140625 0.7539651843749999 0.723846984375 0.7682785296875 0.72701896875 0.785686653125 0.73082535 0.8011605421875 0.72955655625 0.8239710640625001 0.7286049609374999 0.8375107156249999 0.7228953875 0.8429265765625 0.714965425 0.851437215625 0.7073526609375 0.85605121875 0.70322908125 0.8711382593750001 0.7041806765625 0.889320078125 0.7095730515625001 0.9005386453125 0.71369663125 0.9086624375 0.7200406015625 0.9225889359374999 0.7260673734374999 0.9380628234374999 0.7279705640625 0.9496682406250001 0.7971198375 0.9488945453125 0.8009262187499999 0.9241363249999999 0.8060013953125 0.9001517984375 0.8129797625 0.8808094390625 0.8193237328125 0.860693384375 0.8297912828125 0.8390299421874999 0.8399416359374999 0.8293587625000001 0.849457590625 0.8165937328125 0.8548499656249999 0.7968645265625 0.8573875531249999 0.780230096875 0.8577047515625 0.7639825140625 0.856118759375 0.7365163640625 0.8459684078124999 0.71330553125 0.83803844375 0.704408046875 0.8282052906249999 0.6990126890624999 0.8209097249999999 0.6970784531249999 0.8047326015625 0.693596828125 0.7971198375 0.6963047578125 0.7885554781249999 0.7024943125 0.7863350890625 0.7040618953125 0.77999111875 0.6804642171874999 0.77999111875 0.664216634375 0.7806255156249999 0.649516440625 0.7752331406249999 0.6390715671875
0 0.23384917968750002 0.9043842546875 0.23733836406250003 0.8905544687500001 0.24693361875000003 0.87406510625 0.24955050625 0.8682140421875 0.2530396890625 0.8597034046875001 0.2595819078125 0.853852340625 0.2595819078125 0.83358446875 0.2587096125 0.8208185109375 0.24344443437500002 0.8112440421875 0.24126369531249997 0.7968823406250001 0.24169984375000003 0.776137659375 0.2491143578125 0.75858446875 0.2517312453125 0.7458185109375 0.2587096125 0.7298610640625001 0.26874101562499997 0.7181589359375 0.28269774999999997 0.7091163828125 0.2953460390625 0.7038458515625 0.30276055468749996 0.6942713828125 0.3106112171875 0.6777820218749999 0.3101750703125 0.6644841484375 0.305813590625 0.6543777656249999 0.29839907499999996 0.6400160640625 0.29316529999999996 0.62459053125 0.28923996875 0.6075692546875 0.280517009375 0.595867128125 0.26263494375 0.5900160640625 0.24736976562500002 0.5900160640625 0.23079614375 0.5921437234375 0.2172755578125 0.6017181921875 0.206371859375 0.6154832984375 0.202446528125 0.6261215953125 0.20419112031250003 0.6463343609375001 0.20070193593750002 0.6633556390625001 0.1928512734375 0.677185425 0.18718135 0.686227978125 0.17540535625 0.686227978125 0.16188477031249998 0.6851641484375001 0.153597959375 0.6723981921875 0.1466195921875 0.668142871875 0.130918265625 0.6713343609375 0.1226314546875 0.6803769156249999 0.11739767968749999 0.7016535109375 0.11172775625 0.7271854249999999 0.10823857343750001 0.750057765625 0.10911086875 0.7654832984375 0.1126000515625 0.781927871875 0.1213230109375 0.7872470218750001 0.132226709375 0.8010768078125 0.140077371875 0.815970425 0.14967262812499998 0.83405553125 0.1557786984375 0.8633108515625001 0.1597040296875 0.8861831921875 0.16450165781249998 0.9154385109375 0.168178646875 0.9429787234375 0.2372644796875 0.9429787234375 0.2334130328125 0.9283204250000001 0.23384917968750002 0.9192778718750001 0.23384917968750002 0.9043842546875