1 0.27163120625000003 0.859851128125 0.293617021875 0.8668294953125001 0.3226950359375 0.8726448015624999 0.2687943265625 0.629565015625 0.24822695 0.6394510359375001 0.226241134375 0.6609676671875 0.2085106390625 0.6801581765625 0.19858156093749998 0.7016748078124999 0.2 0.750523378125 0.2106382984375 0.7790183765625 0.22836879375 0.8115840890625 0.24964539062500002 0.8470574546874999 0.27163120625000003 0.859851128125
1 0.21985815625 0.26494533593749997 0.213475178125 0.2783205390625 0.214184396875 0.304489415625 0.2304964546875 0.3277506390625 0.2468085109375 0.352174925 0.2609929078125 0.3608978828125 0.286524821875 0.364968596875 0.373758865625 0.1306117703125 0.35035460937499996 0.124214934375 0.3269503546875 0.1300302390625 0.30780141875 0.1364270765625 0.28723404218750004 0.14805768749999998 0.270212765625 0.16899278906249998 0.25602836875 0.18818329843749998 0.24255319218750002 0.206792278125 0.2304964546875 0.239357990625 0.21985815625 0.26494533593749997
2 0.7929078015625 0.364968596875 0.77163120625 0.355082578125 0.7510638296875001 0.35159339375 0.7609929078125 0.382414515625 0.7730496453125 0.40393114687500004 0.7893617015625 0.420795534375 0.8099290781249999 0.431263084375 0.8148936171875001 0.420795534375 0.8106382984374999 0.40218655468750003 0.8127659578124999 0.3917190046875 0.8028368796875001 0.37601767812500003 0.7929078015625 0.364968596875
3 0.853900709375 0.48941614375000003 0.85248226875 0.47080716406249995 0.8425531921875 0.46092114375 0.8468085109375 0.4463828796875 0.8546099296874999 0.4289369625 0.761702128125 0.43184461562500004 0.7765957453125 0.45394277812499995 0.7836879437500001 0.475459409375 0.793617021875 0.4934868578125 0.7992907796875001 0.5074435921875 0.8085106390625001 0.5074435921875 0.8297872343750001 0.505699 0.8489361703125 0.505699 0.85248226875 0.500465225 0.853900709375 0.48941614375000003
2 0.7546099296875 0.6714352171875 0.7730496453125 0.6691090953125001 0.79219858125 0.651081646875 0.7992907796875001 0.6365433828125 0.8014184390624999 0.62084205625 0.8035460984375 0.602233078125 0.78014184375 0.6028146078125001 0.765957446875 0.6138636890625 0.7517730499999999 0.6266573625 0.7390070921875 0.6411956265625001 0.7304964546875 0.6539893 0.727659575 0.673179809375 0.7361702125 0.673179809375 0.74397163125 0.673179809375 0.7546099296875 0.6714352171875
3 0.85602836875 0.5341939984375 0.849645390625 0.5173296109375001 0.827659575 0.5179111421875 0.8035460984375 0.5184926734374999 0.794326240625 0.519655734375 0.778014184375 0.5371016515625 0.7673758859375 0.5539660390625001 0.7567375890625 0.5760642015624999 0.750354609375 0.5865317515624999 0.7354609921875 0.5999069546875 0.849645390625 0.6004884859375 0.8375886515625 0.5888578734375 0.8361702125000001 0.5824610375 0.8354609921874999 0.5783903234375 0.8354609921874999 0.573738078125 0.8361702125000001 0.5702488953125 0.8397163125 0.5621074671875 0.8482269499999999 0.5591998140625 0.850354609375 0.546406140625 0.85602836875 0.5341939984375
5 0.6611218562500001 0.668210365625 0.649516440625 0.669796359375 0.638297871875 0.6726511453125 0.6526112187499999 0.6742371375 0.6688588015625 0.6742371375 0.6808510640625001 0.673602740625 0.6889748546875001 0.6742371375 0.7075435203125 0.6764575265625 0.717601546875 0.676774725 0.7237911031250001 0.6742371375 0.7222437140625 0.666941571875 0.7121856875 0.66250079375 0.6994197296875 0.6634523890625 0.69052224375 0.6647211828125 0.6804642171874999 0.6640867859374999 0.6727272734375 0.665672778125 0.6611218562500001 0.668210365625
4 0.5705996125 0.7668591 0.5752417796875 0.778278246875 0.5798839453125 0.7798642390625 0.5868471953125 0.77764385 0.5837524171874999 0.7719342765625 0.5794970984375001 0.7643215125 0.57678916875 0.754171159375 0.5760154734375 0.74433800625 0.581431334375 0.731967265625 0.5876208890625 0.717376134375 0.5891682781250001 0.7113493625 0.57678916875 0.7246717 0.5713733078125001 0.7367252421875 0.5686653765624999 0.7500475796875 0.5705996125 0.7668591
5 0.6808510640625001 0.3481570765625 0.6700193421875 0.351963459375 0.6669245640625 0.3541838484375 0.6858800781250001 0.3535494515625 0.6967117984375 0.3548182453125 0.7067698265625 0.354501046875 0.713346228125 0.357038634375 0.7261121859374999 0.3564042375 0.7384912953125 0.3548182453125 0.74235976875 0.3487914734375 0.7381044484375 0.3408615109375 0.732301740625 0.33927551875 0.71992263125 0.338006725 0.7121856875 0.3389583203125 0.7036750484375001 0.34181310625 0.694390715625 0.3456194890625 0.6808510640625001 0.3481570765625
4 0.5976789171875 0.25331472499999996 0.5941972921875001 0.2640994734375 0.5941972921875001 0.2786906046875 0.5965183749999999 0.286937765625 0.6 0.2939161328125 0.608123790625 0.3012116984375 0.6061895546875 0.293598934375 0.6019342359375 0.28440017812499996 0.5988394578125 0.2726638328125 0.6027079296875 0.2615618859375 0.6073500968750001 0.2501427390625 0.6135396515625 0.24126118124999998 0.6135396515625 0.2349172109375 0.60773694375 0.23174522656250002 0.599613153125 0.23111082968750002 0.599613153125 0.2415783796875 0.5976789171875 0.25331472499999996
0 0.630947775 0.3072384703125 0.6464216640625 0.3116792484375 0.6603481625 0.31548563125 0.6700193421875 0.3218296015625 0.6816247578125 0.326587578125 0.6990328828125 0.329442365625 0.7110251453124999 0.325318784375 0.7234042546875 0.32087800624999996 0.732301740625 0.309458859375 0.7431334625 0.2939161328125 0.7539651843749999 0.2828141859375 0.7682785296875 0.276153015625 0.785686653125 0.27298103125 0.8011605421875 0.26917464999999996 0.8239710640625001 0.27044344374999996 0.8375107156249999 0.2713950390625 0.8429265765625 0.27710461249999996 0.851437215625 0.28503457499999996 0.85605121875 0.2926473390625 0.8711382593750001 0.29677091875 0.889320078125 0.2958193234375 0.9005386453125 0.2904269484375 0.9086624375 0.28630336875 0.9225889359374999 0.2799593984375 0.9380628234374999 0.2739326265625 0.9496682406250001 0.2720294359375 0.9488945453125 0.2028801625 0.9241363249999999 0.19907378125 0.9001517984375 0.19399860468750002 0.8808094390625 0.18702023750000002 0.860693384375 0.18067626718750002 0.8390299421874999 0.1702087171875 0.8293587625000001 0.1600583640625 0.8165937328125 0.15054240937500002 0.7968645265625 0.14515003437500001 0.780230096875 0.14261244687500002 0.7639825140625 0.14229524843750002 0.7365163640625 0.14388124062500002 0.71330553125 0.1540315921875 0.704408046875 0.16196155625 0.6990126890624999 0.17179470937500002 0.6970784531249999 0.17909027500000002 0.693596828125 0.19526739843750002 0.6963047578125 0.2028801625 0.7024943125 0.21144452187499999 0.7040618953125 0.2136649109375 0.6804642171874999 0.22000888125 0.664216634375 0.22000888125 0.649516440625 0.21937448437499998 0.6390715671875 0.224766859375 0.6294003874999999 0.23333121874999999 0.6216634437499999 0.246019159375 0.61470019375 0.263782275 0.6127659578125 0.28249698749999996 0.619342359375 0.296136521875 0.630947775 0.3072384703125
0 0.83358446875 0.7404180921875 0.8208185109375 0.7412903875 0.8112440421875 0.756555565625 0.7968823406250001 0.7587363046875 0.776137659375 0.75830015625 0.75858446875 0.7508856421875 0.7458185109375 0.7482687546875 0.7298610640625001 0.7412903875 0.7181589359375 0.7312589843749999 0.7091163828125 0.71730225 0.7038458515625 0.7046539609375 0.6942713828125 0.6972394453125 0.6777820218749999 0.6893887828125 0.6644841484375 0.6898249296875 0.6543777656249999 0.694186409375 0.6400160640625 0.7016009249999999 0.62459053125 0.7068347 0.6075692546875 0.71076003125 0.595867128125 0.719482990625 0.5900160640625 0.73736505625 0.5900160640625 0.752630234375 0.5921437234375 0.76920385625 0.6017181921875 0.7827244421875 0.6154832984375 0.793628140625 0.6261215953125 0.7975534718749999 0.6463343609375001 0.7958088796875 0.6633556390625001 0.7992980640625 0.677185425 0.8071487265625 0.686227978125 0.81281865 0.686227978125 0.82459464375 0.6851641484375001 0.8381152296875 0.6723981921875 0.846402040625 0.668142871875 0.8533804078125 0.6713343609375 0.869081734375 0.6803769156249999 0.8773685453125 0.7016535109375 0.8826023203125001 0.7271854249999999 0.88827224375 0.750057765625 0.8917614265625 0.7654832984375 0.89088913125 0.781927871875 0.8873999484375 0.7872470218750001 0.8786769890624999 0.8010768078125 0.867773290625 0.815970425 0.8599226281250001 0.83405553125 0.850327371875 0.8633108515625001 0.8442213015625001 0.8861831921875 0.8402959703124999 0.9154385109375 0.8354983421875 0.9429787234375 0.831821353125 0.9429787234375 0.7627355203125 0.9283204250000001 0.7665869671875 0.9192778718750001 0.7661508203125 0.9043842546875 0.7661508203125 0.8905544687500001 0.7626616359375 0.87406510625 0.75306638125 0.8682140421875 0.7504494937499999 0.8597034046875001 0.7469603109375 0.853852340625 0.7404180921875 0.83358446875 0.7404180921875