1 0.7312056734375 0.25063968281250004 0.7113475171875 0.2424982546875 0.68014184375 0.233193765625 0.71985815625 0.4320772265625 0.738297871875 0.41812049375000004 0.75248226875 0.398929984375 0.761702128125 0.37508722968749997 0.76808510625 0.348336821875 0.779432625 0.32798325156249997 0.775886525 0.3082112125 0.7652482265625 0.2866945796875 0.7510638296875001 0.2657594796875 0.7312056734375 0.25063968281250004
1 0.74042553125 0.7734356828125 0.729787234375 0.746685275 0.7226950359375001 0.71993486875 0.70780141875 0.6989997671875 0.6886524828125 0.6908583390625 0.6248226953125 0.892649453125 0.6375886515625 0.8967201671874999 0.65248226875 0.8967201671874999 0.6787234046874999 0.886834146875 0.7014184390625 0.8757850656249999 0.7191489359375 0.8478715984375 0.724113475 0.835077925 0.7368794328125 0.8129797625 0.7453900703125 0.7972784374999999 0.74042553125 0.7734356828125
4 0.3728314234375 0.789092275 0.374140753125 0.7834559015625 0.378396071875 0.7735251484375001 0.3800327328125 0.7627892000000001 0.3797054015625 0.7485640671875 0.37512275 0.74024370625 0.369885434375 0.7319233453125 0.361702128125 0.7273605671875 0.365957446875 0.736217725 0.3718494265625 0.7496376609375 0.37250409218749997 0.7611788078124999 0.369885434375 0.7735251484375001 0.36399345312500003 0.7901658703125001 0.359738134375 0.800365021875 0.36497545 0.8051961999999999 0.372176759375 0.805732996875 0.377414075 0.800365021875 0.3728314234375 0.789092275
5 0.3220949265625 0.6895163453125 0.33584287968750004 0.6887111499999999 0.32373158750000003 0.6841483703125 0.31292962343749997 0.68200118125 0.302782325 0.6803907890625001 0.2900163671875 0.678511996875 0.2821603921875 0.67663320625 0.26775777343749996 0.6723388265625 0.25826513906250004 0.6736808203125 0.25433715156250003 0.6825379781249999 0.25793780625 0.693810725 0.2635024546875 0.6981051046875 0.2700491 0.695689515625 0.28674304375 0.693273928125 0.295908346875 0.6908583390625 0.307364975 0.6908583390625 0.3220949265625 0.6895163453125
2 0.24746317499999998 0.675828009375 0.2536824875 0.675828009375 0.2644844515625 0.6683128453125 0.262847790625 0.6565033015624999 0.254664484375 0.6417413703125 0.24320785625000002 0.6232218578125 0.2314238953125 0.6127543078125 0.21833060624999998 0.6041655484375 0.20720130937499998 0.599065971875 0.1937806875 0.5923560046875 0.178396071875 0.5958451874999999 0.169885434375 0.605775940625 0.165957446875 0.61839068125 0.16235679218750002 0.6285898328124999 0.1613747953125 0.6438885609375 0.16923076875 0.6538193140625 0.182324059375 0.6616028765624999 0.1996726671875 0.666702453125 0.2170212765625 0.67153363125 0.2314238953125 0.674486015625 0.24746317499999998 0.675828009375
3 0.2032731921875 0.545654625 0.1950898859375 0.5451178265625 0.181686284375 0.5459230234375 0.1771036328125 0.5480702125 0.17415764375 0.5531697890625 0.16401034375 0.563368940625 0.156809034375 0.5719577 0.149607725 0.5800096625 0.1427337484375 0.5856460359375 0.131931784375 0.5926244031250001 0.262847790625 0.5918192062500001 0.26153833125000003 0.587256428125 0.26153833125000003 0.5741048906249999 0.2589196734375 0.5647109343750001 0.2540096890625 0.5558537765625 0.248445040625 0.5512909984375 0.23927973906250002 0.5486070109375001 0.22815044218749997 0.547533415625 0.2189851390625 0.54672821875 0.2032731921875 0.545654625
4 0.402945990625 0.31053733437500003 0.4013093296875 0.30463256250000004 0.3973813421875 0.2947062640625 0.39181669375 0.297121853125 0.3849427171875 0.302221428125 0.390834696875 0.307589403125 0.3973813421875 0.3180569546875 0.4 0.325030865625 0.4013093296875 0.334424821875 0.39770867499999996 0.34811315625 0.3944353515625 0.360996296875 0.3872340421875 0.3690482578125 0.4003273328125 0.3612646953125 0.4058919796875 0.35348113125 0.4075286421875 0.341134790625 0.40883797031249997 0.3252992640625 0.40654664531250007 0.31858929687500004 0.402945990625 0.31053733437500003
5 0.34828150625 0.4001869671875 0.328968903125 0.398576575 0.31423895156250004 0.3993817703125 0.29852700468750004 0.4001869671875 0.29296235625 0.4001869671875 0.28641571250000003 0.39616098593750004 0.27594107968750003 0.3975029796875 0.27168576093749996 0.4034077515625 0.27364975468749997 0.41011772031250004 0.2851063828125 0.4119965109375 0.29656301093750004 0.4114597125 0.30932896875 0.4114597125 0.3214402609375 0.41038611875 0.3273322421875 0.40797052968749997 0.34042553125 0.4034077515625 0.34828150625 0.4001869671875
2 0.262847790625 0.4664769984375 0.26873977031249996 0.45761984062499994 0.27594107968750003 0.44366310625 0.279214403125 0.43212196093750005 0.281178396875 0.42031241562500005 0.275286415625 0.41145525781250003 0.2638297875 0.4063556828125 0.2409165296875 0.4068924796875 0.22062193125000001 0.40984486562500005 0.2 0.41306564999999995 0.18559738125 0.4219228078125 0.1747954171875 0.4286327765625 0.170212765625 0.44097911874999995 0.1715220953125 0.460840625 0.180360065625 0.4782865421875 0.1914893609375 0.4949272640625 0.20818330624999998 0.4935852703125 0.2232405890625 0.48177572656249995 0.2324058921875 0.4731869671875 0.25106382968749996 0.46808739062500004 0.262847790625 0.4664769984375
3 0.2356792140625 0.5437758328125 0.24124386250000002 0.5432390359375 0.25564648125 0.5365290671875 0.262847790625 0.5233775296875 0.2674304421875 0.5112995859375 0.2684124390625 0.5056632125 0.27168576093749996 0.49546406093749995 0.151554828125 0.4949272640625 0.1610474625 0.50432121875 0.167921440625 0.5134467765624999 0.1757774140625 0.5274035109375 0.180360065625 0.5351870734374999 0.1891980359375 0.5373342640625001 0.2058919796875 0.5373342640625001 0.2193126015625 0.5376026625 0.2281505734375 0.539481453125 0.2356792140625 0.5437758328125
0 0.19489370156250002 0.3122819265625 0.21571361718749998 0.315422190625 0.2301817015625 0.3199581296875 0.24081999999999998 0.32379623125 0.253160425 0.3304256796875 0.253160425 0.35136078125000003 0.26209659531249996 0.370900209375 0.27273489375 0.3838101890625 0.28890510625 0.3893928828125 0.31273489374999996 0.394975575 0.327202978125 0.3935799015625 0.3557136171875 0.387299371875 0.3714582984375 0.3747383109375 0.38635191562500004 0.35764131250000003 0.3914582984375 0.3342637828125 0.390607234375 0.321004884375 0.3820965953125 0.304605721875 0.366351915625 0.28960223281249997 0.348479575 0.28053035625 0.3493306390625 0.2739009078125 0.35741574531250003 0.25540823437500004 0.3493306390625 0.2400558265625 0.34464978749999997 0.2260990921875 0.3335859578125 0.21842288906250001 0.3178412765625 0.2159804609375 0.28851063906249996 0.2156315421875 0.2668085109375 0.2107466859375 0.24723404218749997 0.20830425625000001 0.238297871875 0.21144452187499999 0.21531914843750002 0.21842288906250001 0.19744680781249999 0.2212142359375 0.1714893609375 0.2233077453125 0.132340425 0.2240055828125 0.0931914890625 0.21912072500000002 0.08936170156249999 0.2930914171875 0.097900765625 0.2965806 0.1127660421875 0.3094905796875 0.1208511484375 0.32414515 0.1344681703125 0.32798325156249997 0.1480851921875 0.3314724359375 0.1587234890625 0.3304256796875 0.1706383828125 0.3224005578125 0.183404340625 0.3147243546875 0.19489370156250002 0.3122819265625
0 0.26935387187500004 0.8862526171875 0.2863751484375 0.87962316875 0.30339642499999997 0.870551290625 0.31318365937500003 0.8562456390625 0.31531131874999996 0.8478715984375 0.31616238281250003 0.8387997203124999 0.3140347234375 0.8255408234375 0.309353871875 0.810537334375 0.32211982968749997 0.8060013953125 0.345076425 0.793789253125 0.35443812812500003 0.7791346828125 0.3616721703125 0.76413119375 0.3637998296875 0.7498255406250001 0.354863659375 0.727843684375 0.345076425 0.711095603125 0.33316153125 0.7048150734374999 0.32082110625000004 0.700279134375 0.307204084375 0.6988834609375 0.29443812812500003 0.6967899515625 0.27571472343750003 0.69783670625 0.258267915625 0.6995812984375 0.24039557500000003 0.70900209375 0.2297572765625 0.7236566640625 0.2233742984375 0.73586880625 0.2233742984375 0.7547103984375 0.20938834062499997 0.7595952546875 0.1881117453125 0.76343335625 0.171516 0.7651779484375 0.161728765625 0.765875784375 0.15449472343749998 0.755059315625 0.1430053609375 0.743893928125 0.125984084375 0.7428471734375 0.105984084375 0.74773203125 0.09960110625 0.7564549890625 0.08726068125 0.7644801109375 0.071516 0.7704117234375001 0.0587500421875 0.772505234375 0.058297871875 0.7739009078125 0.0587234046875 0.8475226796875001 0.0868085109375 0.848569434375 0.1191489359375 0.8527564546875 0.152340425 0.8569434749999999 0.174468084375 0.8649685968749999 0.1965957453125 0.8792742499999999 0.2093617015625 0.8890439640625001 0.2263751484375 0.8866015359375 0.2463751484375 0.8855547796875 0.26935387187500004 0.8862526171875