1 0.37508722968749997 0.238297871875 0.348336821875 0.23191489375000002 0.32798325156249997 0.22056737499999998 0.3082112125 0.224113475 0.2866945796875 0.23475177343750003 0.2657594796875 0.2489361703125 0.25063968281250004 0.2687943265625 0.2424982546875 0.2886524828125 0.233193765625 0.31985815624999997 0.4320772265625 0.28014184375 0.41812049375000004 0.261702128125 0.398929984375 0.24751773125 0.37508722968749997 0.238297871875
1 0.886834146875 0.32127659531249997 0.8757850656249999 0.2985815609375 0.8478715984375 0.28085106406250004 0.835077925 0.275886525 0.8129797625 0.2631205671875 0.7972784374999999 0.2546099296875 0.7734356828125 0.25957446875 0.746685275 0.270212765625 0.71993486875 0.2773049640625 0.6989997671875 0.29219858125 0.6908583390625 0.3113475171875 0.892649453125 0.3751773046875 0.8967201671874999 0.3624113484375 0.8967201671874999 0.34751773125 0.886834146875 0.32127659531249997
4 0.7735251484375001 0.630114565625 0.7901658703125001 0.636006546875 0.800365021875 0.640261865625 0.8051961999999999 0.63502455 0.805732996875 0.627823240625 0.800365021875 0.622585925 0.789092275 0.6271685765624999 0.7834559015625 0.6258592468749999 0.7735251484375001 0.621603928125 0.7627892000000001 0.6199672671875 0.7485640671875 0.6202945984375 0.74024370625 0.62487725 0.7319233453125 0.630114565625 0.7273605671875 0.638297871875 0.736217725 0.634042553125 0.7496376609375 0.6281505734375 0.7611788078124999 0.6274959078125 0.7735251484375001 0.630114565625
5 0.693810725 0.74206219375 0.6981051046875 0.7364975453125 0.695689515625 0.7299509 0.693273928125 0.71325695625 0.6908583390625 0.704091653125 0.6908583390625 0.692635025 0.6895163453125 0.6779050734375 0.6887111499999999 0.6641571203125001 0.6841483703125 0.6762684125 0.68200118125 0.6870703765624999 0.6803907890625001 0.697217675 0.678511996875 0.7099836328125 0.67663320625 0.7178396078125 0.6723388265625 0.7322422265624999 0.6736808203125 0.7417348609375 0.6825379781249999 0.7456628484375 0.693810725 0.74206219375
2 0.6438885609375 0.8386252046875 0.6538193140625 0.83076923125 0.6616028765624999 0.8176759406249999 0.666702453125 0.8003273328124999 0.67153363125 0.7829787234375 0.674486015625 0.7685761046875 0.675828009375 0.752536825 0.675828009375 0.7463175125 0.6683128453125 0.7355155484375 0.6565033015624999 0.737152209375 0.6417413703125 0.745335515625 0.6232218578125 0.75679214375 0.6127543078125 0.7685761046875 0.6041655484375 0.78166939375 0.599065971875 0.792798690625 0.5923560046875 0.8062193125 0.5958451874999999 0.8216039281249999 0.605775940625 0.830114565625 0.61839068125 0.834042553125 0.6285898328124999 0.8376432078124999 0.6438885609375 0.8386252046875
3 0.5647109343750001 0.7410803265625 0.5558537765625 0.7459903109375 0.5512909984375 0.751554959375 0.5486070109375001 0.7607202609375 0.547533415625 0.7718495578125 0.54672821875 0.7810148609375 0.545654625 0.7967268078124999 0.5451178265625 0.8049101140625 0.5459230234375 0.818313715625 0.5480702125 0.8228963671875 0.5531697890625 0.8258423562500001 0.563368940625 0.83598965625 0.5719577 0.843190965625 0.5800096625 0.8503922749999999 0.5856460359375 0.8572662515625 0.5926244031250001 0.868068215625 0.5918192062500001 0.737152209375 0.587256428125 0.7384616687500001 0.5741048906249999 0.7384616687500001 0.5647109343750001 0.7410803265625
4 0.3690482578125 0.6127659578125 0.3612646953125 0.5996726671875 0.35348113125 0.5941080203125 0.341134790625 0.5924713578125 0.3252992640625 0.5911620296875 0.31858929687500004 0.5934533546874999 0.31053733437500003 0.5970540093750001 0.30463256250000004 0.5986906703125 0.2947062640625 0.6026186578125 0.297121853125 0.60818330625 0.302221428125 0.6150572828125 0.307589403125 0.609165303125 0.3180569546875 0.6026186578125 0.325030865625 0.6 0.334424821875 0.5986906703125 0.34811315625 0.602291325 0.360996296875 0.6055646484375 0.3690482578125 0.6127659578125
5 0.4119965109375 0.7148936171875 0.4114597125 0.7034369890625001 0.4114597125 0.69067103125 0.41038611875 0.6785597390625 0.40797052968749997 0.6726677578125 0.4034077515625 0.65957446875 0.4001869671875 0.65171849375 0.398576575 0.671031096875 0.3993817703125 0.6857610484375 0.4001869671875 0.7014729953125001 0.4001869671875 0.70703764375 0.39616098593750004 0.7135842875 0.3975029796875 0.7240589203125001 0.4034077515625 0.7283142390624999 0.41011772031250004 0.7263502453124999 0.4119965109375 0.7148936171875
2 0.4782865421875 0.819639934375 0.4949272640625 0.8085106390625001 0.4935852703125 0.79181669375 0.48177572656249995 0.7767594109375 0.4731869671875 0.7675941078124999 0.46808739062500004 0.7489361703124999 0.4664769984375 0.737152209375 0.45761984062499994 0.7312602296875 0.44366310625 0.7240589203125001 0.43212196093750005 0.720785596875 0.42031241562500005 0.718821603125 0.41145525781250003 0.724713584375 0.4063556828125 0.7361702125 0.4068924796875 0.7590834703125 0.40984486562500005 0.77937806875 0.41306564999999995 0.8 0.4219228078125 0.81440261875 0.4286327765625 0.8252045828125001 0.44097911874999995 0.8297872343750001 0.460840625 0.8284779046875 0.4782865421875 0.819639934375
3 0.5274035109375 0.8242225859375001 0.5351870734374999 0.819639934375 0.5373342640625001 0.8108019640625 0.5373342640625001 0.7941080203124999 0.5376026625 0.7806873984375 0.539481453125 0.7718494265625 0.5437758328125 0.7643207859375 0.5432390359375 0.7587561375 0.5365290671875 0.74435351875 0.5233775296875 0.737152209375 0.5112995859375 0.7325695578125 0.5056632125 0.7315875609375 0.49546406093749995 0.7283142390624999 0.4949272640625 0.848445171875 0.50432121875 0.8389525375 0.5134467765624999 0.832078559375 0.5274035109375 0.8242225859375001
0 0.32414515 0.8791488515625 0.32798325156249997 0.8655318296875001 0.3314724359375 0.8519148078125 0.3304256796875 0.8412765109375 0.3224005578125 0.8293616171875 0.3147243546875 0.816595659375 0.3122819265625 0.8051062984374999 0.315422190625 0.7842863828125 0.3199581296875 0.7698182984375 0.32379623125 0.75918 0.3304256796875 0.746839575 0.35136078125000003 0.746839575 0.370900209375 0.7379034046874999 0.3838101890625 0.72726510625 0.3893928828125 0.71109489375 0.394975575 0.68726510625 0.3935799015625 0.672797021875 0.387299371875 0.6442863828125 0.3747383109375 0.6285417015625 0.35764131250000003 0.6136480843750001 0.3342637828125 0.6085417015625 0.321004884375 0.609392765625 0.304605721875 0.6179034046874999 0.28960223281249997 0.6336480843750001 0.28053035625 0.651520425 0.2739009078125 0.6506693609374999 0.25540823437500004 0.6425842546875 0.2400558265625 0.6506693609374999 0.2260990921875 0.6553502124999999 0.21842288906250001 0.6664140421875 0.2159804609375 0.6821587234375001 0.2156315421875 0.7114893609374999 0.2107466859375 0.7331914890625 0.20830425625000001 0.7527659578125 0.21144452187499999 0.761702128125 0.21842288906250001 0.7846808515625 0.2212142359375 0.8025531921875 0.2233077453125 0.8285106390625 0.2240055828125 0.867659575 0.21912072500000002 0.9068085109374999 0.2930914171875 0.9106382984374999 0.2965806 0.9020992343750001 0.3094905796875 0.8872339578125 0.32414515 0.8791488515625
0 0.8569434749999999 0.847659575 0.8649685968749999 0.825531915625 0.8792742499999999 0.8034042546875 0.8890439640625001 0.7906382984375 0.8866015359375 0.7736248515625 0.8855547796875 0.7536248515625 0.8862526171875 0.730646128125 0.87962316875 0.7136248515625 0.870551290625 0.6966035749999999 0.8562456390625 0.686816340625 0.8478715984375 0.68468868125 0.8387997203124999 0.6838376171875 0.8255408234375 0.6859652765625001 0.810537334375 0.690646128125 0.8060013953125 0.6778801703124999 0.793789253125 0.654923575 0.7791346828125 0.645561871875 0.76413119375 0.6383278296875 0.7498255406250001 0.6362001703125 0.727843684375 0.6451363406249999 0.711095603125 0.654923575 0.7048150734374999 0.66683846875 0.700279134375 0.67917889375 0.6988834609375 0.692795915625 0.6967899515625 0.705561871875 0.69783670625 0.7242852765625 0.6995812984375 0.7417320843749999 0.70900209375 0.759604425 0.7236566640625 0.7702427234375 0.73586880625 0.7766257015625 0.7547103984375 0.7766257015625 0.7595952546875 0.790611659375 0.76343335625 0.8118882546874999 0.7651779484375 0.8284840000000001 0.765875784375 0.8382712343750001 0.755059315625 0.8455052765625 0.743893928125 0.8569946390625001 0.7428471734375 0.874015915625 0.74773203125 0.8940159156249999 0.7564549890625 0.90039889375 0.7644801109375 0.9127393187499999 0.7704117234375001 0.9284840000000001 0.772505234375 0.9412499578125001 0.7739009078125 0.941702128125 0.8475226796875001 0.9412765953125 0.848569434375 0.9131914890624999 0.8527564546875 0.8808510640625 0.8569434749999999 0.847659575