1 0.7493603171875 0.7312056734375 0.7575017453124999 0.7113475171875 0.766806234375 0.68014184375 0.5679227734375 0.71985815625 0.58187950625 0.738297871875 0.6010700156250001 0.75248226875 0.6249127703124999 0.761702128125 0.651663178125 0.76808510625 0.6720167484374999 0.779432625 0.6917887875 0.775886525 0.7133054203125 0.7652482265625 0.7342405203125 0.7510638296875001 0.7493603171875 0.7312056734375
1 0.22656431718749998 0.74042553125 0.25331472499999996 0.729787234375 0.28006513125 0.7226950359375001 0.3010002328125 0.70780141875 0.3091416609375 0.6886524828125 0.10735054687500001 0.6248226953125 0.1032798328125 0.6375886515625 0.1032798328125 0.65248226875 0.11316585312500001 0.6787234046874999 0.124214934375 0.7014184390625 0.15212840156250002 0.7191489359375 0.164922075 0.724113475 0.18702023750000002 0.7368794328125 0.2027215625 0.7453900703125 0.22656431718749998 0.74042553125
4 0.210907725 0.3728314234375 0.2165440984375 0.374140753125 0.2264748515625 0.378396071875 0.2372108 0.3800327328125 0.2514359328125 0.3797054015625 0.25975629375 0.37512275 0.2680766546875 0.369885434375 0.2726394328125 0.361702128125 0.263782275 0.365957446875 0.2503623390625 0.3718494265625 0.2388211921875 0.37250409218749997 0.2264748515625 0.369885434375 0.2098341296875 0.36399345312500003 0.199634978125 0.359738134375 0.1948038 0.36497545 0.194267003125 0.372176759375 0.199634978125 0.377414075 0.210907725 0.3728314234375
5 0.3104836546875 0.3220949265625 0.31128885 0.33584287968750004 0.31585162968749997 0.32373158750000003 0.31799881874999997 0.31292962343749997 0.3196092109375 0.302782325 0.321488003125 0.2900163671875 0.32336679375 0.2821603921875 0.3276611734375 0.26775777343749996 0.3263191796875 0.25826513906250004 0.317462021875 0.25433715156250003 0.30618927500000004 0.25793780625 0.30189489531249997 0.2635024546875 0.304310484375 0.2700491 0.306726071875 0.28674304375 0.3091416609375 0.295908346875 0.3091416609375 0.307364975 0.3104836546875 0.3220949265625
2 0.324171990625 0.24746317499999998 0.324171990625 0.2536824875 0.3316871546875 0.2644844515625 0.34349669843749997 0.262847790625 0.3582586296875 0.254664484375 0.3767781421875 0.24320785625000002 0.3872456921875 0.2314238953125 0.39583445156249997 0.21833060624999998 0.400934028125 0.20720130937499998 0.4076439953125 0.1937806875 0.4041548125 0.178396071875 0.394224059375 0.169885434375 0.38160931875 0.165957446875 0.3714101671875 0.16235679218750002 0.3561114390625 0.1613747953125 0.3461806859375 0.16923076875 0.3383971234375 0.182324059375 0.333297546875 0.1996726671875 0.32846636875 0.2170212765625 0.325513984375 0.2314238953125 0.324171990625 0.24746317499999998
3 0.45434537500000005 0.2032731921875 0.45488217343750004 0.1950898859375 0.4540769765625 0.181686284375 0.4519297875 0.1771036328125 0.4468302109375 0.17415764375 0.43663105937499996 0.16401034375 0.4280423 0.156809034375 0.4199903375 0.149607725 0.41435396406249997 0.1427337484375 0.40737559687499997 0.131931784375 0.40818079375 0.262847790625 0.412743571875 0.26153833125000003 0.425895109375 0.26153833125000003 0.43528906562499997 0.2589196734375 0.4441462234375 0.2540096890625 0.44870900156250004 0.248445040625 0.45139298906249997 0.23927973906250002 0.45246658437500004 0.22815044218749997 0.45327178124999995 0.2189851390625 0.45434537500000005 0.2032731921875
4 0.689462665625 0.402945990625 0.6953674375000001 0.4013093296875 0.7052937359375 0.3973813421875 0.702878146875 0.39181669375 0.697778571875 0.3849427171875 0.6924105968750001 0.390834696875 0.6819430453125 0.3973813421875 0.6749691343750001 0.4 0.665575178125 0.4013093296875 0.6518868437500001 0.39770867499999996 0.639003703125 0.3944353515625 0.6309517421875 0.3872340421875 0.6387353046875 0.4003273328125 0.6465188687500001 0.4058919796875 0.658865209375 0.4075286421875 0.6747007359375 0.40883797031249997 0.681410703125 0.40654664531250007 0.689462665625 0.402945990625
5 0.5998130328125 0.34828150625 0.601423425 0.328968903125 0.6006182296875 0.31423895156250004 0.5998130328125 0.29852700468750004 0.5998130328125 0.29296235625 0.6038390140625001 0.28641571250000003 0.6024970203125 0.27594107968750003 0.5965922484374999 0.27168576093749996 0.5898822796875 0.27364975468749997 0.5880034890625 0.2851063828125 0.5885402875 0.29656301093750004 0.5885402875 0.30932896875 0.58961388125 0.3214402609375 0.5920294703125 0.3273322421875 0.5965922484374999 0.34042553125 0.5998130328125 0.34828150625
2 0.5335230015625 0.262847790625 0.5423801593750001 0.26873977031249996 0.55633689375 0.27594107968750003 0.5678780390625 0.279214403125 0.579687584375 0.281178396875 0.5885447421875 0.275286415625 0.5936443171875 0.2638297875 0.5931075203125 0.2409165296875 0.590155134375 0.22062193125000001 0.58693435 0.2 0.5780771921875 0.18559738125 0.5713672234375 0.1747954171875 0.55902088125 0.170212765625 0.539159375 0.1715220953125 0.5217134578125 0.180360065625 0.5050727359375 0.1914893609375 0.5064147296875 0.20818330624999998 0.5182242734375 0.2232405890625 0.5268130328125 0.2324058921875 0.531912609375 0.25106382968749996 0.5335230015625 0.262847790625
3 0.45622416718750003 0.2356792140625 0.4567609640625 0.24124386250000002 0.4634709328125 0.25564648125 0.47662247031250005 0.262847790625 0.4887004140625 0.2674304421875 0.4943367875 0.2684124390625 0.5045359390625 0.27168576093749996 0.5050727359375 0.151554828125 0.49567878125 0.1610474625 0.4865532234375 0.167921440625 0.47259648906249996 0.1757774140625 0.4648129265625 0.180360065625 0.4626657359375 0.1891980359375 0.4626657359375 0.2058919796875 0.4623973375 0.2193126015625 0.46051854687500005 0.2281505734375 0.45622416718750003 0.2356792140625
0 0.6877180734375 0.19489370156250002 0.684577809375 0.21571361718749998 0.6800418703125 0.2301817015625 0.67620376875 0.24081999999999998 0.6695743203125 0.253160425 0.64863921875 0.253160425 0.629099790625 0.26209659531249996 0.6161898109374999 0.27273489375 0.6106071171874999 0.28890510625 0.6050244250000001 0.31273489374999996 0.6064200984375 0.327202978125 0.612700628125 0.3557136171875 0.6252616890625 0.3714582984375 0.6423586875 0.38635191562500004 0.6657362171875 0.3914582984375 0.678995115625 0.390607234375 0.695394278125 0.3820965953125 0.7103977671874999 0.366351915625 0.71946964375 0.348479575 0.7260990921875 0.3493306390625 0.744591765625 0.35741574531250003 0.7599441734375 0.3493306390625 0.7739009078125 0.34464978749999997 0.7815771109375 0.3335859578125 0.7840195390625 0.3178412765625 0.7843684578125 0.28851063906249996 0.7892533140625 0.2668085109375 0.79169574375 0.24723404218749997 0.7885554781249999 0.238297871875 0.7815771109375 0.21531914843750002 0.7787857640625 0.19744680781249999 0.7766922546874999 0.1714893609375 0.7759944171875001 0.132340425 0.780879275 0.0931914890625 0.7069085828125 0.08936170156249999 0.7034194 0.097900765625 0.6905094203125001 0.1127660421875 0.67585485 0.1208511484375 0.6720167484374999 0.1344681703125 0.6685275640625 0.1480851921875 0.6695743203125 0.1587234890625 0.6775994421875 0.1706383828125 0.6852756453125 0.183404340625 0.6877180734375 0.19489370156250002
0 0.1137473828125 0.26935387187500004 0.12037683125000001 0.2863751484375 0.129448709375 0.30339642499999997 0.1437543609375 0.31318365937500003 0.15212840156250002 0.31531131874999996 0.1612002796875 0.31616238281250003 0.1744591765625 0.3140347234375 0.189462665625 0.309353871875 0.19399860468750002 0.32211982968749997 0.206210746875 0.345076425 0.2208653171875 0.35443812812500003 0.23586880625 0.3616721703125 0.250174459375 0.3637998296875 0.272156315625 0.354863659375 0.28890439687499997 0.345076425 0.2951849265625 0.33316153125 0.299720865625 0.32082110625000004 0.3011165390625 0.307204084375 0.3032100484375 0.29443812812500003 0.30216329375 0.27571472343750003 0.3004187015625 0.258267915625 0.29099790625 0.24039557500000003 0.2763433359375 0.2297572765625 0.26413119375 0.2233742984375 0.2452896015625 0.2233742984375 0.2404047453125 0.20938834062499997 0.23656664374999997 0.1881117453125 0.2348220515625 0.171516 0.234124215625 0.161728765625 0.244940684375 0.15449472343749998 0.256106071875 0.1430053609375 0.2571528265625 0.125984084375 0.25226796875 0.105984084375 0.2435450109375 0.09960110625 0.23551988906250002 0.08726068125 0.2295882765625 0.071516 0.227494765625 0.0587500421875 0.2260990921875 0.058297871875 0.1524773203125 0.0587234046875 0.15143056562499999 0.0868085109375 0.1472435453125 0.1191489359375 0.143056525 0.152340425 0.135031403125 0.174468084375 0.12072575 0.1965957453125 0.1109560359375 0.2093617015625 0.11339846406250001 0.2263751484375 0.1144452203125 0.2463751484375 0.1137473828125 0.26935387187500004