1 0.690212765625 0.0788555484375 0.6527659578125 0.0669923234375 0.629787234375 0.0676901609375 0.7302127656249999 0.3866015359375 0.7889361703125 0.3614794140625 0.817872340625 0.3258897421875 0.826382978125 0.282623865625 0.8238297875 0.2512212140625 0.8025531921875 0.1988834609375 0.7906382984375 0.167480809375 0.7668085109375 0.1325889734375 0.7353191484375 0.10188415937499999 0.690212765625 0.0788555484375
1 0.8025531921875 0.6775994421875 0.7872340421875 0.640614096875 0.7591489359375 0.6154919750000001 0.7259574468750001 0.5973482203125 0.605957446875 0.919748778125 0.63574468125 0.9127704124999999 0.66042553125 0.90718771875 0.6995744687500001 0.8855547796875 0.734468084375 0.8611304953125 0.75574468125 0.822051640625 0.7761702125000001 0.7864619671875 0.792340425 0.7501744593749999 0.8025531921875 0.7076064203125 0.8025531921875 0.6775994421875
4 0.41229314375000004 0.7474606500000001 0.40992907812499996 0.73079010625 0.39858156093749997 0.71450725 0.40378250624999995 0.7253624875 0.40614657187500003 0.7397069078125 0.4047281328125 0.7536636421875 0.40094562656250005 0.7629681328125 0.3971631203125 0.7734356828125 0.4 0.779638675 0.40614657187500003 0.783127859375 0.41040189062500004 0.771497246875 0.41040189062500004 0.7594789484375 0.41229314375000004 0.7474606500000001
5 0.327659575 0.6497635109375001 0.3229314421875 0.6474373890625 0.311583925 0.6427851437500001 0.30023640625 0.640459021875 0.28936170156249996 0.6447235796874999 0.282269503125 0.6482127625 0.28368794375 0.6617818093750001 0.3044917265625 0.667209428125 0.3049645390625 0.6668217421875 0.30354609843749997 0.6664340546874999 0.310165484375 0.6629448703125 0.327659575 0.662557184375 0.34184397187500004 0.662557184375 0.3683215125 0.6695355515625 0.3531914890625 0.6610064359375001 0.3432624109375 0.6551911296874999 0.327659575 0.6497635109375001
2 0.22836879375 0.5667984796875001 0.22836879375 0.5761029703125 0.2212765953125 0.58773358125 0.21749408906249998 0.601690315625 0.22033096875 0.6175854843749999 0.22458628906250003 0.6323175937500001 0.23687943281249998 0.637357525 0.25106382968749996 0.640846709375 0.2690307328125 0.6435605171875001 0.2695035453125 0.6280530359375 0.2695035453125 0.61564705 0.2633569734375 0.601690315625 0.257683215625 0.58734589375 0.25153664375 0.5718384125 0.24113475156250003 0.557881678125 0.233569740625 0.557881678125 0.22978723437499998 0.5602077999999999 0.22836879375 0.5667984796875001
3 0.224113475 0.48693494687500005 0.20803782499999998 0.48693494687500005 0.2075650125 0.5020547421875 0.20520094531250002 0.5183375984375 0.202364065625 0.53345739375 0.1910165484375 0.5435372562499999 0.18392435000000001 0.55516786875 0.2789598109375 0.5590447390625 0.2728132390625 0.54431263125 0.2728132390625 0.5322943328124999 0.272340425 0.513685353125 0.274231678125 0.496627121875 0.27375886562499996 0.4853841984375 0.2638297875 0.48577188437499996 0.254373521875 0.4896487546875 0.24349881718750002 0.48926106875 0.224113475 0.48693494687500005
2 0.26052009374999996 0.3830348140625 0.27044917343749997 0.3733426375 0.27801418437500003 0.3586105296875 0.2851063828125 0.34581685625 0.29030732812500004 0.3310847484375 0.2709219859375 0.331860121875 0.24822695 0.33883848906249997 0.23593380625 0.3473676046875 0.22884160781250001 0.3644258359375 0.22978723437499998 0.3756687609375 0.2354609921875 0.3946654265625 0.23498817968750002 0.409785221875 0.24113475156250003 0.415212840625 0.253427896875 0.398929984375 0.26052009374999996 0.3830348140625
3 0.27044917343749997 0.46522447031249997 0.2732860515625 0.4516554234375 0.27801418437500003 0.4326587578125 0.28037825 0.42296658125000003 0.28368794375 0.41598821406250003 0.1886524828125 0.41482515312499996 0.197635934375 0.42529270312499995 0.20520094531250002 0.44041249843749997 0.20520094531250002 0.4520431109375 0.2075650125 0.474916646875 0.2250591015625 0.480731953125 0.24255319218750002 0.47918120468750003 0.2586288421875 0.47724277031250006 0.26761229375 0.47724277031250006 0.27044917343749997 0.46522447031249997
4 0.42411347499999996 0.206249515625 0.42080378281249997 0.1973327125 0.4127659578125 0.1977204 0.4108747046875 0.2043110796875 0.41182033125000006 0.20392339218750002 0.4165484640625 0.2159416921875 0.42080378281249997 0.227959990625 0.41938534375 0.2423044125 0.4165484640625 0.255485771875 0.41134751718749996 0.2655656359375 0.41796690312500007 0.2640148875 0.42411347499999996 0.25509808437500003 0.4293144203125 0.239202915625 0.426004728125 0.21943087499999997 0.42411347499999996 0.206249515625
5 0.37163120625 0.31325114374999996 0.3749408984375 0.30743583750000003 0.3569739953125 0.31247577031249996 0.342316784375 0.31247577031249996 0.33238770624999997 0.31247577031249996 0.317730496875 0.3113127078125 0.297872340625 0.3097619609375 0.289834515625 0.3175157015625 0.293617021875 0.3260448171875 0.30354609843749997 0.326432503125 0.320567375 0.326432503125 0.3309692671875 0.3252694421875 0.3446808515625 0.32449406875000003 0.35555555625 0.321780259375 0.3626477546875 0.3175157015625 0.37163120625 0.31325114374999996
0 0.253862221875 0.22563386875 0.2637913 0.23106148750000002 0.2680466203125 0.23338760937499997 0.2765572578125 0.2403659765625 0.27986695 0.24734434374999997 0.27986695 0.2632395125 0.28364945625 0.27564549843749997 0.3011435453125 0.288439171875 0.3148551296875 0.2950298515625 0.3342404734375 0.2958052265625 0.3583539484375 0.2950298515625 0.378212103125 0.287663796875 0.3985430734375 0.2729316890625 0.409890590625 0.255485771875 0.41320028437499995 0.23532604531249998 0.409890590625 0.21865550156250002 0.4004343265625 0.201209584375 0.3843586765625 0.18725285 0.3678102125 0.17523455 0.3749024109375 0.1740714890625 0.37963054375 0.15972706875 0.38010335624999997 0.1449949609375 0.3758480375 0.12289679687499999 0.365446146875 0.11591843125000001 0.34089834531249996 0.1054508796875 0.326241134375 0.09769713906250001 0.305910165625 0.091106459375 0.286524821875 0.09343258125000001 0.256264775 0.0980848265625 0.2326241140625 0.10894006406250001 0.19858156093749998 0.118244553125 0.16879432656249999 0.120570675 0.1442080375 0.1217337359375 0.1442080375 0.20159727031250002 0.1645415609375 0.20392339218750002 0.1725793859375 0.2070248890625 0.18250846406250001 0.22059393593749999 0.1872365953125 0.23106148750000002 0.20425787187500002 0.23765216718749999 0.2150915359375 0.23648910625 0.2264390546875 0.2298984265625 0.2382593859375 0.22369543281249998 0.253862221875 0.22563386875
0 0.3106382984375 0.8610529578125 0.3295508265625 0.8509730953125001 0.342316784375 0.8412809187500001 0.354115934375 0.8315887421875001 0.36026250625 0.8129797625 0.35600718750000004 0.7982476546874999 0.3555343734375 0.7924323484375 0.36924595781249997 0.7866170421875001 0.38484879375 0.7726603078125 0.3957234984375 0.7540513296875 0.398560378125 0.7323408546875 0.390995365625 0.7152826234375 0.380593475 0.6989997671875 0.3649906390625 0.6877568421875 0.342295603125 0.6796154140625 0.3214918203125 0.678452353125 0.2978511578125 0.6800031015625 0.27941144218749997 0.6904706515625 0.2718464296875 0.6989997671875 0.268063925 0.7141195625 0.266645484375 0.7234240515625 0.2557707796875 0.7315654796875 0.24111357031249997 0.7381561609375 0.22460671406250002 0.74125765625 0.2104223171875 0.7369930984375 0.20333011875 0.728463984375 0.18678165468750002 0.722648678125 0.1725972578125 0.7245871140625 0.161722553125 0.73040241875 0.154157540625 0.74125765625 0.1447012765625 0.75250058125 0.1324081328125 0.7590912609375 0.11820330937500001 0.76335581875 0.1186761234375 0.838179421875 0.134278959375 0.84050554375 0.1522458625 0.84050554375 0.173522459375 0.8428316671875 0.19054373593750001 0.845545475 0.2146572109375 0.8509730953125001 0.22836879375 0.857563775 0.25200945625000004 0.8672559515625 0.28321512968749996 0.8688067 0.3106382984375 0.8610529578125