1 0.282623865625 0.173617021875 0.2512212140625 0.1761702125 0.1988834609375 0.19744680781249999 0.167480809375 0.2093617015625 0.1325889734375 0.23319148906249998 0.10188415937499999 0.2646808515625 0.0788555484375 0.309787234375 0.0669923234375 0.3472340421875 0.0676901609375 0.370212765625 0.3866015359375 0.26978723437499996 0.3614794140625 0.21106382968749998 0.3258897421875 0.182127659375 0.282623865625 0.173617021875
1 0.8855547796875 0.30042553125000004 0.8611304953125 0.265531915625 0.822051640625 0.24425531875 0.7864619671875 0.22382978750000002 0.7501744593749999 0.207659575 0.7076064203125 0.19744680781249999 0.6775994421875 0.19744680781249999 0.640614096875 0.2127659578125 0.6154919750000001 0.24085106406249998 0.5973482203125 0.27404255312500003 0.919748778125 0.394042553125 0.9127704124999999 0.36425531875 0.90718771875 0.33957446875 0.8855547796875 0.30042553125000004
4 0.7629681328125 0.5990543734375 0.7734356828125 0.6028368796875 0.779638675 0.6 0.783127859375 0.593853428125 0.771497246875 0.589598109375 0.7594789484375 0.589598109375 0.7474606500000001 0.58770685625 0.73079010625 0.590070921875 0.71450725 0.6014184390625 0.7253624875 0.59621749375 0.7397069078125 0.593853428125 0.7536636421875 0.5952718671875 0.7629681328125 0.5990543734375
5 0.6629448703125 0.6898345156250001 0.662557184375 0.672340425 0.662557184375 0.658156028125 0.6695355515625 0.6316784875 0.6610064359375001 0.6468085109375 0.6551911296874999 0.6567375890625 0.6497635109375001 0.672340425 0.6474373890625 0.6770685578125 0.6427851437500001 0.688416075 0.640459021875 0.69976359375 0.6447235796874999 0.7106382984375 0.6482127625 0.717730496875 0.6617818093750001 0.7163120562499999 0.667209428125 0.6955082734375 0.6668217421875 0.6950354609375 0.6664340546874999 0.6964539015625 0.6629448703125 0.6898345156250001
2 0.601690315625 0.7366430265624999 0.58734589375 0.742316784375 0.5718384125 0.74846335625 0.557881678125 0.7588652484375 0.557881678125 0.766430259375 0.5602077999999999 0.770212765625 0.5667984796875001 0.77163120625 0.5761029703125 0.77163120625 0.58773358125 0.7787234046875 0.601690315625 0.7825059109375 0.6175854843749999 0.77966903125 0.6323175937500001 0.7754137109375 0.637357525 0.7631205671875 0.640846709375 0.7489361703124999 0.6435605171875001 0.7309692671875 0.6280530359375 0.7304964546875 0.61564705 0.7304964546875 0.601690315625 0.7366430265624999
3 0.513685353125 0.727659575 0.496627121875 0.7257683218750001 0.4853841984375 0.726241134375 0.48577188437499996 0.7361702125 0.4896487546875 0.7456264781249999 0.48926106875 0.7565011828125 0.48693494687500005 0.775886525 0.48693494687500005 0.791962175 0.5020547421875 0.7924349875 0.5183375984375 0.7947990546875 0.53345739375 0.797635934375 0.5435372562499999 0.8089834515625001 0.55516786875 0.8160756499999999 0.5590447390625 0.7210401890625 0.54431263125 0.7271867609375 0.5322943328124999 0.7271867609375 0.513685353125 0.727659575
2 0.3644258359375 0.7711583921875 0.3756687609375 0.770212765625 0.3946654265625 0.7645390078125 0.409785221875 0.7650118203125 0.415212840625 0.7588652484375 0.398929984375 0.746572103125 0.3830348140625 0.7394799062499999 0.3733426375 0.7295508265625 0.3586105296875 0.721985815625 0.34581685625 0.7148936171875 0.3310847484375 0.709692671875 0.331860121875 0.7290780140625001 0.33883848906249997 0.7517730499999999 0.3473676046875 0.76406619375 0.3644258359375 0.7711583921875
3 0.4520431109375 0.7947990546875 0.474916646875 0.7924349875 0.480731953125 0.7749408984375 0.47918120468750003 0.7574468078125001 0.47724277031250006 0.7413711578125 0.47724277031250006 0.73238770625 0.46522447031249997 0.7295508265625 0.4516554234375 0.7267139484375 0.4326587578125 0.721985815625 0.42296658125000003 0.7196217500000001 0.41598821406250003 0.7163120562499999 0.41482515312499996 0.8113475171875001 0.42529270312499995 0.8023640656250001 0.44041249843749997 0.7947990546875 0.4520431109375 0.7947990546875
4 0.255485771875 0.5834515359375 0.2655656359375 0.5886524828125 0.2640148875 0.5820330968749999 0.25509808437500003 0.575886525 0.239202915625 0.5706855796875 0.21943087499999997 0.573995271875 0.206249515625 0.575886525 0.1973327125 0.5791962171875 0.1977204 0.5872340421875 0.2043110796875 0.5891252953125 0.20392339218750002 0.5881796687499999 0.2159416921875 0.5834515359375 0.227959990625 0.5791962171875 0.2423044125 0.5806146562500001 0.255485771875 0.5834515359375
5 0.326432503125 0.6964539015625 0.326432503125 0.679432625 0.3252694421875 0.6690307328125 0.32449406875000003 0.6553191484374999 0.321780259375 0.64444444375 0.3175157015625 0.6373522453125 0.31325114374999996 0.62836879375 0.30743583750000003 0.6250591015625 0.31247577031249996 0.6430260046875 0.31247577031249996 0.657683215625 0.31247577031249996 0.66761229375 0.3113127078125 0.682269503125 0.3097619609375 0.702127659375 0.3175157015625 0.7101654843749999 0.3260448171875 0.706382978125 0.326432503125 0.6964539015625
0 0.22059393593749999 0.8174915359374999 0.23106148750000002 0.8127634046875001 0.23765216718749999 0.795742128125 0.23648910625 0.7849084640624999 0.2298984265625 0.7735609453125 0.22369543281249998 0.7617406140625 0.22563386875 0.746137778125 0.23106148750000002 0.7362086999999999 0.23338760937499997 0.7319533796875 0.2403659765625 0.7234427421875 0.24734434374999997 0.72013305 0.2632395125 0.72013305 0.27564549843749997 0.71635054375 0.288439171875 0.6988564546875 0.2950298515625 0.6851448703125 0.2958052265625 0.6657595265625 0.2950298515625 0.6416460515625 0.287663796875 0.621787896875 0.2729316890625 0.6014569265625 0.255485771875 0.590109409375 0.23532604531249998 0.586799715625 0.21865550156250002 0.590109409375 0.201209584375 0.5995656734375 0.18725285 0.6156413234375 0.17523455 0.6321897875 0.1740714890625 0.6250975890625 0.15972706875 0.62036945625 0.1449949609375 0.61989664375 0.12289679687499999 0.6241519624999999 0.11591843125000001 0.634553853125 0.1054508796875 0.6591016546875 0.09769713906250001 0.673758865625 0.091106459375 0.6940898343749999 0.09343258125000001 0.713475178125 0.0980848265625 0.743735225 0.10894006406250001 0.7673758859375 0.118244553125 0.8014184390624999 0.120570675 0.8312056734375 0.1217337359375 0.8557919625 0.20159727031250002 0.8557919625 0.20392339218750002 0.8354584390625 0.2070248890625 0.8274206140624999 0.22059393593749999 0.8174915359374999
0 0.8428316671875 0.8264775406249999 0.845545475 0.8094562640625 0.8509730953125001 0.7853427890625 0.857563775 0.77163120625 0.8672559515625 0.7479905437500001 0.8688067 0.7167848703125 0.8610529578125 0.6893617015625 0.8509730953125001 0.6704491734375 0.8412809187500001 0.657683215625 0.8315887421875001 0.645884065625 0.8129797625 0.63973749375 0.7982476546874999 0.6439928125 0.7924323484375 0.6444656265625001 0.7866170421875001 0.6307540421875 0.7726603078125 0.61515120625 0.7540513296875 0.6042765015625 0.7323408546875 0.601439621875 0.7152826234375 0.609004634375 0.6989997671875 0.619406525 0.6877568421875 0.6350093609374999 0.6796154140625 0.657704396875 0.678452353125 0.6785081796875 0.6800031015625 0.7021488421875001 0.6904706515625 0.7205885578125 0.6989997671875 0.7281535703124999 0.7141195625 0.731936075 0.7234240515625 0.733354515625 0.7315654796875 0.7442292203124999 0.7381561609375 0.7588864296875 0.74125765625 0.7753932859375 0.7369930984375 0.7895776828125001 0.728463984375 0.7966698812499999 0.722648678125 0.8132183453125 0.7245871140625 0.8274027421874999 0.73040241875 0.838277446875 0.74125765625 0.8458424593749999 0.75250058125 0.8552987234374999 0.7590912609375 0.8675918671874999 0.76335581875 0.881796690625 0.838179421875 0.8813238765625 0.84050554375 0.865721040625 0.84050554375 0.8477541375 0.8428316671875 0.8264775406249999