1 0.8025122124999999 0.5897872343749999 0.804605721875 0.5651063828125 0.5282623859375 0.61957446875 0.5505931609375 0.654468084375 0.584787159375 0.6851063828124999 0.6224703421875 0.697872340625 0.6643405437500001 0.702127659375 0.6873691562500001 0.7046808515625 0.7348220515625 0.690212765625 0.766224703125 0.6629787234375 0.7899511515625 0.6272340421875 0.8025122124999999 0.5897872343749999
1 0.06071179375 0.54042553125 0.0642009765625 0.577872340625 0.0781577109375 0.6119148937500001 0.107466853125 0.6306382984375001 0.1437543609375 0.6510638296875 0.189113746875 0.6561702125 0.21912072500000002 0.6629787234375 0.2491277046875 0.6553191484374999 0.277041171875 0.62808510625 0.2972784375 0.6 0.056175639062500005 0.516716196875 0.06071179375 0.54042553125
0 0.1102582 0.1906382984375 0.1304954640625 0.1846808515625 0.14445219843749998 0.17276595781249998 0.1549197484375 0.186382978125 0.1605024421875 0.2008510640625 0.1605024421875 0.22978723437499998 0.1695743203125 0.254468084375 0.1821353796875 0.2672340421875 0.1988834609375 0.281702128125 0.2295882765625 0.28425531875 0.250523378125 0.2646808515625 0.26168876406249997 0.24936170156249998 0.2728541515625 0.22297872343749997 0.2735519890625 0.1914893609375 0.2672714578125 0.173617021875 0.2519190515625 0.1565957453125 0.23237962343750002 0.146382978125 0.221912071875 0.1293617015625 0.2156315421875 0.0987234046875 0.2135380328125 0.0689361703125 0.2233077453125 0.05191489375 0.2316817859375 0.0365957453125 0.2288904390625 0.02042553125 0.22051639843749998 0.0085106390625 0.2128401953125 0.001702128125 0.12212142343750002 0.0068085109375 0.117934403125 0.0306382984375 0.1102582 0.0468085109375 0.0949057921875 0.062127659375 0.087927425 0.0689361703125 0.08234473125 0.1029787234375 0.08234473125 0.1293617015625 0.085833915625 0.16 0.0969993015625 0.186382978125 0.1102582 0.1906382984375
0 0.681088625 0.19744680781249999 0.662247034375 0.205957446875 0.640614096875 0.21446808437499998 0.6259595250000001 0.2374468078125 0.6259595250000001 0.26212765937500004 0.6308443828125 0.294468084375 0.640614096875 0.3174468078125 0.662247034375 0.330212765625 0.689462665625 0.337872340625 0.7131891140625 0.3208510640625 0.7222609906249999 0.305531915625 0.7299371953125 0.28425531875 0.7376133984375 0.257872340625 0.7501744593749999 0.24425531875 0.76343335625 0.24425531875 0.78576413125 0.25106382968749996 0.7969295187500001 0.257872340625 0.8094905796875 0.2314893609375 0.8150732734374999 0.207659575 0.8178646203125 0.182127659375 0.81926029375 0.1506382984375 0.8039078859375 0.1285106390625 0.7948360078125 0.106382978125 0.78576413125 0.08 0.7843684578125 0.056170212500000004 0.780879275 0.0365957453125 0.7787857640625 0.019574468749999997 0.70900209375 0.02042553125 0.711095603125 0.038297871875 0.7076064203125 0.05191489375 0.6957431953125 0.066382978125 0.6824842984374999 0.093617021875 0.6824842984374999 0.11148936093749999 0.6936496859375 0.1251063828125 0.6957431953125 0.137872340625 0.6943475234375 0.16425531875 0.681088625 0.19744680781249999
2 0.568736915625 0.1948936171875 0.5806001390625 0.20510638281250002 0.5917655265625 0.2093617015625 0.5917655265625 0.1991489359375 0.5875785062500001 0.1651063828125 0.5826936500000001 0.1514893609375 0.570830425 0.142127659375 0.5512909984375 0.137872340625 0.540823446875 0.13531914843749998 0.53314724375 0.1438297875 0.53314724375 0.1574468078125 0.5380321 0.1685106390625 0.5505931609375 0.1787234046875 0.568736915625 0.1948936171875
3 0.4619679 0.15872340468749999 0.480809490625 0.1668085109375 0.49511514375 0.174468084375 0.508722959375 0.1812765953125 0.5202372640624999 0.187659575 0.5310537328125 0.19446808437500002 0.5341939984375 0.081702128125 0.524424284375 0.090212765625 0.519190509375 0.097872340625 0.5 0.1051063828125 0.48325191875 0.10170212812499999 0.47313328749999994 0.10170212812499999 0.46545708281250003 0.10680851093749999 0.4612700625 0.1229787234375 0.4598743890625 0.147659575 0.4619679 0.15872340468749999
4 0.69713886875 0.3412765953125 0.6831821359375 0.34425531875000004 0.6667829734375 0.34425531875000004 0.6559665031249999 0.337872340625 0.6420097703125001 0.33191489375 0.6503838109375 0.3425531921875 0.6601535234375 0.34978723437500003 0.673761340625 0.353617021875 0.689811584375 0.353617021875 0.7048150734374999 0.3506382984375 0.7131891140625 0.3489361703125 0.71493370625 0.3387234046875 0.7114445218750001 0.3327659578125 0.7041172359375001 0.334468084375 0.69713886875 0.3412765953125
5 0.6081646890625 0.2914893609375 0.6053733421875 0.27404255312500003 0.6057222609374999 0.25659574531249996 0.6067690156250001 0.24042553125000002 0.6067690156250001 0.22553191562500002 0.6025819953125 0.21106382968749998 0.59351011875 0.21361702187499998 0.5921144453125 0.22553191562500002 0.5938590375 0.2391489359375 0.596650384375 0.25659574531249996 0.6008374046875 0.2693617015625 0.6043265875 0.2825531921875 0.6081646890625 0.2914893609375
5 0.29134682500000003 0.24255319218750002 0.2955338453125 0.2314893609375 0.3007676203125 0.21361702187499998 0.3039078859375 0.20510638281250002 0.3084438234375 0.19361702187500002 0.3066992328125 0.181702128125 0.3032100484375 0.17829787187499999 0.299371946875 0.1812765953125 0.2958827640625 0.19446808437500002 0.2927424984375 0.20042553125 0.2927424984375 0.2127659578125 0.2927424984375 0.22425531875 0.29134682500000003 0.23617021249999998 0.29134682500000003 0.24255319218750002
4 0.1856245640625 0.29276595781250003 0.20132588906249999 0.3 0.21737613437499997 0.3008510640625 0.23447313281249998 0.2970212765625 0.249825540625 0.28851063906249996 0.23551988906250002 0.2910638296875 0.22295882812499998 0.29276595781250003 0.2072575015625 0.29276595781250003 0.19225401250000002 0.28851063906249996 0.1831821359375 0.2834042546875 0.1769016046875 0.27957446875 0.17096999375 0.2812765953125 0.173412421875 0.2910638296875 0.1856245640625 0.29276595781250003
2 0.36008374062500004 0.158297871875 0.371249128125 0.1412765953125 0.3785764125 0.127659575 0.37683182187500003 0.11234042500000001 0.3628750875 0.10680851093749999 0.342986740625 0.10425531875 0.33217027187500003 0.11148936093749999 0.3234473140625 0.1191489359375 0.3143754359375 0.13659574531250002 0.31088625312499996 0.1510638296875 0.31053733437500003 0.16425531875 0.3091416609375 0.174042553125 0.321004884375 0.174042553125 0.3443824140625 0.1685106390625 0.36008374062500004 0.158297871875
3 0.442777390625 0.0931914890625 0.42637822812500004 0.089787234375 0.40858339218750006 0.089787234375 0.39846475937500003 0.07957446875 0.3914863921875 0.067659575 0.37683182187500003 0.0565957453125 0.3785764125 0.1770212765625 0.3897418 0.173617021875 0.3991625953125 0.169787234375 0.4249825546875 0.162127659375 0.44870900156250004 0.1570212765625 0.4515003484375 0.1506382984375 0.45254710468750003 0.13702127656250002 0.45498953281250004 0.1225531921875 0.452896021875 0.1008510640625 0.442777390625 0.0931914890625