0 0.20662992500000002 0.73595558125 0.19715105156249998 0.713373228125 0.21276334062500002 0.6782450453125 0.22726037500000001 0.65440806875 0.24566057031250002 0.6418622968750001 0.266291175 0.6380985421875 0.2802307109375 0.6280619015625 0.29249743906250003 0.6004612 0.2941702453125 0.574742359375 0.2763276515625 0.5258138546875 0.2428726640625 0.5069951828125 0.218896653125 0.5026041593749999 0.186556921875 0.5239319906250001 0.169271878125 0.5427506484375 0.1687143796875 0.5684694875 0.16759922656249998 0.5866608484375 0.1558899453125 0.6067341140625 0.1296836296875 0.602970359375 0.10515007031250001 0.5966974890625 0.09901665312499999 0.5904246171875001 0.0867498734375 0.5803879765625 0.07448309374999999 0.59544289375 0.0594283546875 0.6261800546875 0.054410142187499996 0.6669538109375 0.0594283546875 0.6932999484375 0.061101056249999994 0.7039639 0.0806164578125 0.735328328125 0.098459103125 0.7704565109375 0.11184098437500001 0.8093484203125 0.1167643171875 0.8310732609375 0.1943631453125 0.8118575796874999 0.1943631453125 0.7648109078124999 0.20662992500000002 0.73595558125
4 0.196646253125 0.49404368125 0.20041063124999997 0.4982786828125 0.222055878125 0.49563180781250005 0.24770083125000003 0.49695524375 0.2781040828125 0.5055689015625 0.2634642390625 0.49801400312500005 0.242524796875 0.49166149375 0.22393809999999997 0.48848523281249995 0.196646253125 0.49404368125
5 0.32063596250000004 0.6189763796875 0.333340753125 0.61130043125 0.324165078125 0.58139068125 0.324165078125 0.5647153578124999 0.30608074531249996 0.5261406359375 0.3079311265625 0.54856939375 0.311695528125 0.568685675 0.315459884375 0.5972719734374999 0.32063596250000004 0.6189763796875
2 0.36416176093749997 0.714306953125 0.3898066703125 0.715100984375 0.414039921875 0.7087484875000001 0.41427525000000004 0.69313191875 0.4119225046875 0.6738097046875 0.40157039375 0.6616340562499999 0.380395690625 0.645488078125 0.36392645625000003 0.6349005796875 0.33122331250000003 0.621666178125 0.3269883671875 0.6251071234375 0.323350253125 0.636904428125 0.323694534375 0.6489290375000001 0.32440031875 0.663486853125 0.328164740625 0.6862500125000001 0.338281525 0.706101609375 0.3493394640625 0.714306953125 0.36416176093749997 0.714306953125
3 0.47958440468749997 0.7240817578125001 0.49129161093749996 0.715301253125 0.5001939390625 0.69705423125 0.5086084718749999 0.6812767609375 0.5049499828124999 0.6730450265625 0.492998890625 0.667694409375 0.47580399531250006 0.6663224484375 0.45970663125 0.6594626765625 0.4442190140625 0.7221610125 0.45495058593750004 0.7221610125 0.47958440468749997 0.7240817578125001
3 0.520026065625 0.6805247359375 0.516001725 0.687521715625 0.5116115437500001 0.6973997859375001 0.508684734375 0.7100217765625 0.5151480687500001 0.7095226968749999 0.520026065625 0.7181660125 0.5290503484375 0.7194007734375 0.5492940078124999 0.7194007734375 0.5595377859374999 0.716245275 0.5570987703125 0.6584362703125 0.534903921875 0.664884453125 0.5161236671875 0.6672167796874999 0.5149041828125 0.6740765453125 0.520026065625 0.6805247359375
2 0.59440443125 0.685358540625 0.59440443125 0.6926895625 0.59818395 0.7019266703125 0.60952245625 0.701193565625 0.6295929046875 0.7023665343750001 0.646535496875 0.7028064125 0.6599592125 0.6981145390625 0.6719493812499999 0.6745086 0.67625018125 0.656180990625 0.6779444531250001 0.635360853125 0.6787264234375 0.617473115625 0.67625018125 0.6139542109375 0.665172315625 0.614833940625 0.64679615 0.6195258 0.6342847015624999 0.6294960109375001 0.6220339046875 0.6415189203125 0.6060035906250001 0.654568171875 0.5977929515625 0.664978240625 0.59440443125 0.6726025203125 0.59440443125 0.685358540625
5 0.6727833703125 0.6067919125000001 0.68156271875 0.6098960796874999 0.6938537078125 0.60763850625 0.689589503125 0.5808298765625 0.689589503125 0.5593829609375 0.6865794609375 0.5339852984375 0.682816903125 0.5511992453125 0.677800090625 0.57010641875 0.6727833703125 0.5971972546875 0.6727833703125 0.6067919125000001
0 0.7680484 0.6259361828125 0.787112034375 0.6517741734375 0.79839973125 0.6825335640625 0.796393053125 0.705955846875 0.78936960625 0.7144217421875 0.7916271078125 0.7319178953125001 0.8009080796875001 0.74969625625 0.8114432828125 0.7590087328124999 0.8124466 0.7787624859375 0.8099382281249999 0.80049158125 0.8944704 0.8019025609374999 0.9035005484375 0.758037225 0.9120290499999999 0.7348971484375 0.922815053125 0.7044199250000001 0.9398719859375 0.68269083125 0.9456412234375 0.6716851796875 0.9504071671875 0.6541890125000001 0.9471462546874999 0.6304964 0.9471462546874999 0.6104604671875 0.9307622421874999 0.5686954375 0.920227109375 0.561922703125 0.9109461609375 0.55740758125 0.8991567953124999 0.562487115625 0.8938892046875001 0.5717995921875 0.8790898203124999 0.5788544828125 0.8444742609375 0.575750340625 0.8350750921874999 0.564744690625 0.8350750921874999 0.5407580078125 0.8280517171874999 0.524390615625 0.824289159375 0.5099986171875 0.785158503125 0.48770510937499995 0.7570647421875 0.48770510937499995 0.731980978125 0.5046368890624999 0.7219475140625 0.5195932875 0.7129173421874999 0.5497882656249999 0.7129173421874999 0.5805476421875 0.72211155625 0.5944870984375 0.7376971140624999 0.6095687890625 0.75851658125 0.6180346859375 0.7680484 0.6259361828125
4 0.773065165625 0.4773824484375 0.7888679140625 0.4793578015625 0.79940309375 0.48105100156249997 0.8051723531249999 0.477664640625 0.77632603125 0.47258510625000005 0.765540028125 0.4728672859375 0.74396804375 0.477664640625 0.727788596875 0.485254675 0.744218890625 0.48189758281249995 0.759269121875 0.477664640625 0.773065165625 0.4773824484375
1 0.8588515015624999 0.11835765625000001 0.8440521406249999 0.10311905156250001 0.8262426906250001 0.0887270390625 0.796894721875 0.0765926015625 0.7572623953125001 0.07489944062500001 0.73142615 0.08054335 0.7060916078125 0.087316059375 0.6895363328124999 0.10086149062500001 0.6744861140625 0.1098917734375 0.662849121875 0.12936329375 0.6528156109375 0.14601289374999998 0.6367620406250001 0.15673635 0.6292369124999999 0.17395029687500002 0.8926031953125 0.194111565625 0.888701140625 0.1798764390625 0.8804235078125 0.15645413125000002 0.870390021875 0.13472503593750002 0.8588515015624999 0.11835765625000001
1 0.31574281875 0.1279988359375 0.2989367078125 0.11163145156250001 0.2801238734375 0.09413528437499999 0.24626080625000002 0.0969572453125 0.215909521875 0.0969572453125 0.1991034578125 0.1026011734375 0.172012990625 0.10993827656249999 0.159220309375 0.1237658890625 0.137146609375 0.13872228125 0.12686229843750002 0.16129798906249998 0.11733048125000001 0.1804873296875 0.33831816406250004 0.1852846703125 0.3310438953125 0.16355555 0.31574281875 0.1279988359375