0 0.7197692890625 0.3719380984375 0.7075025609375001 0.3995388 0.7058297546875 0.42525764062500004 0.7236723484375001 0.4741861453125 0.7571273359374999 0.4930048171875 0.7811033468749999 0.49739584062500003 0.8134430781249999 0.47606800937499993 0.8307281218749999 0.4572493515625 0.8312856203125 0.4315305125 0.8324007734375 0.4133391515625 0.8441100546875001 0.3932658859375 0.8703163703125 0.397029640625 0.8948499296874999 0.4033025109375 0.9009833468749999 0.4095753828125 0.9132501265625 0.4196120234375 0.92551690625 0.40455710624999996 0.9405716453125 0.3738199453125 0.9455898578124999 0.3330461890625 0.9405716453125 0.3067000515625 0.9388989437499999 0.29603609999999997 0.9193835421875001 0.264671671875 0.901540896875 0.22954348906250002 0.8881590156250001 0.1906515796875 0.8832356828125001 0.1689267390625 0.8056368546874999 0.1881424203125 0.8056368546874999 0.2351890921875 0.793370075 0.26404441875 0.8028489484374999 0.286626771875 0.787236659375 0.3217549546875 0.772739625 0.34559193125 0.7543394296875 0.35813770312500004 0.733708825 0.3619014578125 0.7197692890625 0.3719380984375
4 0.757475203125 0.50833850625 0.7760619 0.5115147671875 0.8033537468749999 0.50595631875 0.79958936875 0.5017213171875 0.777944121875 0.5043681921875 0.75229916875 0.50304475625 0.7218959171875 0.4944310984375 0.7365357609375 0.501985996875 0.757475203125 0.50833850625
5 0.688304471875 0.43131432500000005 0.6845401156250001 0.40272802656250006 0.6793640375 0.38102362031250003 0.666659246875 0.38869956875 0.675834921875 0.41860931875 0.675834921875 0.4352846421875 0.6939192546874999 0.4738593640625 0.6920688734375 0.45143060625000003 0.688304471875 0.43131432500000005
2 0.619604309375 0.354511921875 0.63607354375 0.3650994203125 0.6687766875000001 0.378333821875 0.6730116328125 0.37489287656250003 0.676649746875 0.363095571875 0.6763054656249999 0.35107096250000003 0.67559968125 0.336513146875 0.671835259375 0.3137499875 0.661718475 0.293898390625 0.6506605359375001 0.28569304687499997 0.6358382390624999 0.28569304687499997 0.6101933296875 0.28489901562500003 0.5859600781250001 0.29125151250000003 0.58572475 0.30686808125 0.5880774953125 0.3261902953125 0.5984296062500001 0.33836594375 0.619604309375 0.354511921875
3 0.5241960046874999 0.3336775515625 0.54029336875 0.3405373234375 0.5557809859375 0.27783898749999997 0.5450494140625 0.27783898749999997 0.5204155953125 0.2759182421875 0.5087083890625 0.284698746875 0.4998060609375 0.30294576875 0.49139152812500003 0.3187232390625 0.4950500171875 0.3269549734375 0.507001109375 0.332305590625 0.5241960046874999 0.3336775515625
3 0.4709496515625 0.2805992265625 0.4507059921875 0.2805992265625 0.4404622140625 0.283754725 0.4429012296875 0.3415637296875 0.46509607812500003 0.335115546875 0.48387633281250003 0.33278322031249996 0.4850958171875 0.3259234546875 0.47997393437499997 0.3194752640625 0.483998275 0.31247828437499997 0.48838845624999994 0.30260021406250004 0.49131526562500005 0.2899782234375 0.48485193125 0.290477303125 0.47997393437499997 0.2818339875 0.4709496515625 0.2805992265625
2 0.3400407875 0.3018854609375 0.32805061874999997 0.3254914 0.32374981875 0.343819009375 0.32205554687500004 0.364639146875 0.3212735765625 0.382526884375 0.32374981875 0.38604578906250003 0.334827684375 0.38516605937500004 0.35320385 0.3804742 0.3657152984375 0.37050398906250004 0.37796609531250003 0.3584810796875 0.393996409375 0.345431828125 0.4022070484375 0.335021759375 0.40559556875 0.3273974796875 0.40559556875 0.314641459375 0.40559556875 0.30731043750000003 0.40181605 0.2980733296875 0.39047754375 0.298806434375 0.3704070953125 0.29763346562500004 0.353464503125 0.29719358749999997 0.3400407875 0.3018854609375
5 0.317183096875 0.4488007546875 0.322199909375 0.42989358125 0.3272166296875 0.40280274531250004 0.3272166296875 0.3932080875 0.31843728125 0.39010392031249996 0.3061462921875 0.39236149375 0.310410496875 0.41917012343750004 0.310410496875 0.44061703906250005 0.3134205390625 0.4660147015625 0.317183096875 0.4488007546875
0 0.1990919203125 0.25030374375000003 0.1885567171875 0.2409912671875 0.1875534 0.22123751406249997 0.190061771875 0.19950841875 0.1055296 0.1980974390625 0.0964994515625 0.24196277500000002 0.08797095 0.2651028515625 0.07718494687500001 0.295580075 0.0601280140625 0.31730916875 0.0543587765625 0.32831482031250003 0.0495928328125 0.3458109875 0.0528537453125 0.3695036 0.0528537453125 0.3895395328125 0.0692377578125 0.4313045625 0.07977289062500001 0.43807729687499997 0.0890538390625 0.44259241875 0.10084320468750001 0.43751288437499997 0.1061107953125 0.4282004078125 0.1209101796875 0.42114551718750004 0.1555257390625 0.42424965937500003 0.1649249078125 0.435255309375 0.1649249078125 0.4592419921875 0.17194828281250002 0.47560938437500005 0.175710840625 0.4900013828125 0.214841496875 0.512294890625 0.2429352578125 0.512294890625 0.268019021875 0.4953631109375 0.2780524859375 0.48040671250000005 0.2870826578125 0.450211734375 0.2870826578125 0.41945235781249995 0.27788844375 0.40551290156249997 0.2623028859375 0.3904312109375 0.24148341874999998 0.3819653140625 0.2319516 0.37406381718750004 0.212887965625 0.3482258265625 0.20160026874999998 0.3174664359375 0.203606946875 0.294044153125 0.21063039374999998 0.2855782578125 0.20837289218750002 0.2680821046875 0.1990919203125 0.25030374375000003
4 0.25603195625 0.522335359375 0.272211403125 0.514745325 0.255781109375 0.5181024171875 0.240730878125 0.522335359375 0.226934834375 0.5226175515625 0.21113208593750002 0.5206421984375 0.20059690625 0.5189489984375 0.194827646875 0.522335359375 0.22367396875 0.52741489375 0.234459971875 0.5271327140625 0.25603195625 0.522335359375
1 0.2939083921875 0.9126839406249999 0.31046366718749996 0.8991385093750001 0.3255138859375 0.8901082265625 0.337150878125 0.87063670625 0.34718438906250004 0.85398710625 0.36323795937500003 0.8432636499999999 0.3707630875 0.826049703125 0.10739680468749999 0.805888434375 0.11129885937499999 0.8201235609375 0.1195764921875 0.84354586875 0.129609978125 0.8652749640625 0.1411484984375 0.88164234375 0.155947859375 0.8968809484375001 0.173757309375 0.9112729609375 0.203105278125 0.9234073984375 0.2427376046875 0.9251005593749999 0.26857385 0.9194566500000001 0.2939083921875 0.9126839406249999
1 0.827987009375 0.8900617234375 0.840779690625 0.8762341109375 0.862853390625 0.86127771875 0.8731377015625 0.8387020109375 0.88266951875 0.8195126703125 0.6616818359375001 0.8147153296875 0.6689561046875 0.8364444499999999 0.68425718125 0.8720011640625 0.7010632921875 0.8883685484375 0.7198761265625 0.905864715625 0.75373919375 0.9030427546875 0.784090478125 0.9030427546875 0.8008965421875001 0.8973988265624999 0.827987009375 0.8900617234375