0 0.6280619015625 0.7197692890625 0.6004612 0.7075025609375001 0.574742359375 0.7058297546875 0.5258138546875 0.7236723484375001 0.5069951828125 0.7571273359374999 0.5026041593749999 0.7811033468749999 0.5239319906250001 0.8134430781249999 0.5427506484375 0.8307281218749999 0.5684694875 0.8312856203125 0.5866608484375 0.8324007734375 0.6067341140625 0.8441100546875001 0.602970359375 0.8703163703125 0.5966974890625 0.8948499296874999 0.5904246171875001 0.9009833468749999 0.5803879765625 0.9132501265625 0.59544289375 0.92551690625 0.6261800546875 0.9405716453125 0.6669538109375 0.9455898578124999 0.6932999484375 0.9405716453125 0.7039639 0.9388989437499999 0.735328328125 0.9193835421875001 0.7704565109375 0.901540896875 0.8093484203125 0.8881590156250001 0.8310732609375 0.8832356828125001 0.8118575796874999 0.8056368546874999 0.7648109078124999 0.8056368546874999 0.73595558125 0.793370075 0.713373228125 0.8028489484374999 0.6782450453125 0.787236659375 0.65440806875 0.772739625 0.6418622968750001 0.7543394296875 0.6380985421875 0.733708825 0.6280619015625 0.7197692890625
4 0.49166149375 0.757475203125 0.48848523281249995 0.7760619 0.49404368125 0.8033537468749999 0.4982786828125 0.79958936875 0.49563180781250005 0.777944121875 0.49695524375 0.75229916875 0.5055689015625 0.7218959171875 0.49801400312500005 0.7365357609375 0.49166149375 0.757475203125
5 0.568685675 0.688304471875 0.5972719734374999 0.6845401156250001 0.6189763796875 0.6793640375 0.61130043125 0.666659246875 0.58139068125 0.675834921875 0.5647153578124999 0.675834921875 0.5261406359375 0.6939192546874999 0.54856939375 0.6920688734375 0.568685675 0.688304471875
2 0.645488078125 0.619604309375 0.6349005796875 0.63607354375 0.621666178125 0.6687766875000001 0.6251071234375 0.6730116328125 0.636904428125 0.676649746875 0.6489290375000001 0.6763054656249999 0.663486853125 0.67559968125 0.6862500125000001 0.671835259375 0.706101609375 0.661718475 0.714306953125 0.6506605359375001 0.714306953125 0.6358382390624999 0.715100984375 0.6101933296875 0.7087484875000001 0.5859600781250001 0.69313191875 0.58572475 0.6738097046875 0.5880774953125 0.6616340562499999 0.5984296062500001 0.645488078125 0.619604309375
3 0.6663224484375 0.5241960046874999 0.6594626765625 0.54029336875 0.7221610125 0.5557809859375 0.7221610125 0.5450494140625 0.7240817578125001 0.5204155953125 0.715301253125 0.5087083890625 0.69705423125 0.4998060609375 0.6812767609375 0.49139152812500003 0.6730450265625 0.4950500171875 0.667694409375 0.507001109375 0.6663224484375 0.5241960046874999
3 0.7194007734375 0.4709496515625 0.7194007734375 0.4507059921875 0.716245275 0.4404622140625 0.6584362703125 0.4429012296875 0.664884453125 0.46509607812500003 0.6672167796874999 0.48387633281250003 0.6740765453125 0.4850958171875 0.6805247359375 0.47997393437499997 0.687521715625 0.483998275 0.6973997859375001 0.48838845624999994 0.7100217765625 0.49131526562500005 0.7095226968749999 0.48485193125 0.7181660125 0.47997393437499997 0.7194007734375 0.4709496515625
2 0.6981145390625 0.3400407875 0.6745086 0.32805061874999997 0.656180990625 0.32374981875 0.635360853125 0.32205554687500004 0.617473115625 0.3212735765625 0.6139542109375 0.32374981875 0.614833940625 0.334827684375 0.6195258 0.35320385 0.6294960109375001 0.3657152984375 0.6415189203125 0.37796609531250003 0.654568171875 0.393996409375 0.664978240625 0.4022070484375 0.6726025203125 0.40559556875 0.685358540625 0.40559556875 0.6926895625 0.40559556875 0.7019266703125 0.40181605 0.701193565625 0.39047754375 0.7023665343750001 0.3704070953125 0.7028064125 0.353464503125 0.6981145390625 0.3400407875
5 0.5511992453125 0.317183096875 0.57010641875 0.322199909375 0.5971972546875 0.3272166296875 0.6067919125000001 0.3272166296875 0.6098960796874999 0.31843728125 0.60763850625 0.3061462921875 0.5808298765625 0.310410496875 0.5593829609375 0.310410496875 0.5339852984375 0.3134205390625 0.5511992453125 0.317183096875
0 0.74969625625 0.1990919203125 0.7590087328124999 0.1885567171875 0.7787624859375 0.1875534 0.80049158125 0.190061771875 0.8019025609374999 0.1055296 0.758037225 0.0964994515625 0.7348971484375 0.08797095 0.7044199250000001 0.07718494687500001 0.68269083125 0.0601280140625 0.6716851796875 0.0543587765625 0.6541890125000001 0.0495928328125 0.6304964 0.0528537453125 0.6104604671875 0.0528537453125 0.5686954375 0.0692377578125 0.561922703125 0.07977289062500001 0.55740758125 0.0890538390625 0.562487115625 0.10084320468750001 0.5717995921875 0.1061107953125 0.5788544828125 0.1209101796875 0.575750340625 0.1555257390625 0.564744690625 0.1649249078125 0.5407580078125 0.1649249078125 0.524390615625 0.17194828281250002 0.5099986171875 0.175710840625 0.48770510937499995 0.214841496875 0.48770510937499995 0.2429352578125 0.5046368890624999 0.268019021875 0.5195932875 0.2780524859375 0.5497882656249999 0.2870826578125 0.5805476421875 0.2870826578125 0.5944870984375 0.27788844375 0.6095687890625 0.2623028859375 0.6180346859375 0.24148341874999998 0.6259361828125 0.2319516 0.6517741734375 0.212887965625 0.6825335640625 0.20160026874999998 0.705955846875 0.203606946875 0.7144217421875 0.21063039374999998 0.7319178953125001 0.20837289218750002 0.74969625625 0.1990919203125
4 0.477664640625 0.25603195625 0.485254675 0.272211403125 0.48189758281249995 0.255781109375 0.477664640625 0.240730878125 0.4773824484375 0.226934834375 0.4793578015625 0.21113208593750002 0.48105100156249997 0.20059690625 0.477664640625 0.194827646875 0.47258510625000005 0.22367396875 0.4728672859375 0.234459971875 0.477664640625 0.25603195625
1 0.087316059375 0.2939083921875 0.10086149062500001 0.31046366718749996 0.1098917734375 0.3255138859375 0.12936329375 0.337150878125 0.14601289374999998 0.34718438906250004 0.15673635 0.36323795937500003 0.17395029687500002 0.3707630875 0.194111565625 0.10739680468749999 0.1798764390625 0.11129885937499999 0.15645413125000002 0.1195764921875 0.13472503593750002 0.129609978125 0.11835765625000001 0.1411484984375 0.10311905156250001 0.155947859375 0.0887270390625 0.173757309375 0.0765926015625 0.203105278125 0.07489944062500001 0.2427376046875 0.08054335 0.26857385 0.087316059375 0.2939083921875
1 0.10993827656249999 0.827987009375 0.1237658890625 0.840779690625 0.13872228125 0.862853390625 0.16129798906249998 0.8731377015625 0.1804873296875 0.88266951875 0.1852846703125 0.6616818359375001 0.16355555 0.6689561046875 0.1279988359375 0.68425718125 0.11163145156250001 0.7010632921875 0.09413528437499999 0.7198761265625 0.0969572453125 0.75373919375 0.0969572453125 0.784090478125 0.1026011734375 0.8008965421875001 0.10993827656249999 0.827987009375