0 0.543404021875 0.66563688125 0.5196870234375 0.6798782250000001 0.5096330765625 0.69515530625 0.5055083828125 0.7166467953125 0.5047350078124999 0.7329596140625 0.5132421875000001 0.7516028203125 0.528709803125 0.7650673546875 0.543146228125 0.7715406921875 0.5593872125 0.7720585718749999 0.567121015625 0.7800855062500001 0.565316459375 0.804684190625 0.56119176875 0.823068465625 0.5454663765625 0.824104203125 0.54056829375 0.8331668765625 0.5392793250000001 0.8401580734375 0.5470131296875 0.8541404968749999 0.558613834375 0.8598370265625 0.5758859968750001 0.8673461031249999 0.591353603125 0.873301571875 0.604758865625 0.8779623734375 0.6248667515624999 0.8769266453125001 0.636725246875 0.8678639718750001 0.65038830625 0.8577655609375 0.6790123953125 0.8479260796875 0.691386478125 0.8471492906250001 0.696800146875 0.8440420765625 0.7016982265625 0.842747409375 0.6997605578125 0.7564973453125 0.69374148125 0.7541921546875 0.6854921078125 0.74642415 0.6723446265625 0.74512948125 0.6648686125000001 0.7474598875 0.64656528125 0.7407276203125 0.6246528437500001 0.7264862765625 0.6084118484375 0.708878790625 0.600935834375 0.6806550328125 0.57511261875 0.6648600734375 0.543404021875 0.66563688125
0 0.6009148234375 0.084708959375 0.579428125 0.08875552187499999 0.5626416453124999 0.0965114609375 0.5552555921875 0.105953471875 0.551562571875 0.1177559734375 0.5552555921875 0.12213971718750001 0.561634459375 0.1255118609375 0.572377809375 0.12618632968750002 0.576070828125 0.13866325 0.5784209390624999 0.168000884375 0.5706991609375 0.1814894578125 0.559620075 0.185198809375 0.54484798125 0.187222115625 0.5307473359375 0.1973385453125 0.517318153125 0.2179086140625 0.5149680437499999 0.24758345781250002 0.5240327437500001 0.2698396234375 0.5357832796875 0.28332819531250003 0.5498839249999999 0.28838640937500004 0.5676775890625 0.29378183281250003 0.5970481421875 0.2874774828125 0.6127091515624999 0.2813048890625 0.6127105296875001 0.25720261093749996 0.6176388765625 0.244504425 0.6259956328125 0.2343889296875 0.6407806671875 0.2255647734375 0.6607083171875 0.21372748437500003 0.6752790875 0.2098534546875 0.6847072109375001 0.2102839125 0.6943496140625001 0.2070555609375 0.699277965625 0.203396753125 0.7048063890625 0.20294910625 0.705281471875 0.11404659531250001 0.6995740406250001 0.1126977578125 0.6837947484375 0.10730230781250001 0.6687322 0.1002207875 0.656981665625 0.09617422656249999 0.6506027984375 0.0911160109375 0.6378450640625 0.08268565312500001 0.6200513984375 0.08268565312500001 0.6009148234375 0.084708959375
2 0.6668214203125 0.3519395078125 0.6655251953125 0.336836809375 0.6600810515625 0.3285042671875 0.64763728125 0.3232964359375 0.6364897453125 0.32017174531250003 0.61937959375 0.316005484375 0.598414634375 0.3192234578125 0.5986399687499999 0.3303270203125 0.6043433625 0.3503771625 0.6118614640625 0.374072790625 0.6235274921875 0.38631120625 0.6401192 0.39724764375 0.65437766875 0.39516452343749997 0.6634512453125 0.3855300234375 0.6647474718749999 0.37198967031249996 0.6668214203125 0.3519395078125
3 0.645304090625 0.47744825156250004 0.661895759375 0.4797917796875 0.6691546296875 0.47588590625 0.6725248234375 0.46807415937499997 0.674080290625 0.45453378593749993 0.6751172734375 0.44385773593750005 0.676672740625 0.4287550171875 0.679265190625 0.42042249531250003 0.685227815625 0.4071425296875 0.6922274453124999 0.3977684375 0.5967948468750001 0.3973538953125 0.6004546859375 0.4045386140625 0.6069358125 0.42068288281250005 0.6128984671875 0.44802399687500005 0.6157501390625 0.4644286734375 0.6134169390624999 0.473281990625 0.6173056156250001 0.473802765625 0.6253422093750001 0.4727611953125 0.6349342984375 0.4722404203125 0.645304090625 0.47744825156250004
2 0.6228061874999999 0.576890709375 0.611140159375 0.5862648203124999 0.6012888484375 0.603450659375 0.5963631890625 0.6232404140625001 0.5932313125 0.63434955625 0.5963631890625 0.6365203796875 0.610880909375 0.63756195 0.63343523125 0.6310521609374999 0.6528786125 0.62167806875 0.6611744765625 0.6068357375 0.6606559640625 0.5753283640625 0.6523601203125 0.5599652578125001 0.6404348703125 0.5589237078125 0.62954655625 0.566214659375 0.6228061874999999 0.576890709375
3 0.6204721890625 0.4843164421875 0.6171020046875 0.49343014687500003 0.6142503140625 0.51165755625 0.6062137109375 0.5348324078125 0.600251075 0.5512370640625 0.5961031578125 0.557746853125 0.5967948468750001 0.5584979234375 0.6813947796875001 0.5587884234375 0.6764691203125001 0.54967471875 0.6718027109375 0.530926534375 0.6730989359375 0.510615965625 0.6712842296875 0.49395092187499995 0.661692159375 0.48457680937500003 0.6510631046875 0.48665995000000006 0.6383601031249999 0.48301448437500005 0.6279903 0.48223330156250005 0.6204721890625 0.4843164421875
5 0.5371868546874999 0.6556360875 0.5622535703125 0.6526740203125 0.5902693234374999 0.646157459375 0.5902693234374999 0.633420584375 0.5743445828125 0.635494021875 0.555058734375 0.6418266171875 0.52185193125 0.6577095265625 0.5371868546874999 0.6556360875
5 0.548294040625 0.30746369218749997 0.5680149890624999 0.31309101250000004 0.5841503218749999 0.318493225 0.5982687171875 0.312640815625 0.593786684375 0.30971462031249997 0.57541034375 0.3076887828125 0.5388817687499999 0.3058880328125 0.548294040625 0.30746369218749997
4 0.5128365125000001 0.268796575 0.510147290625 0.2577670265625 0.508802684375 0.2323315546875 0.5150775296875 0.199467996875 0.5099231921875 0.2012687453125 0.5027519359375 0.21409902656250002 0.5020796328125 0.233907196875 0.50432065 0.2586674015625 0.5128365125000001 0.268796575
4 0.4898717171875 0.7255918359375 0.49300914531249995 0.7408981328124999 0.49614656406249996 0.7546288062500001 0.500852703125 0.758005196875 0.49905989218749996 0.7325697078125 0.49659476874999997 0.7132117328125 0.5004044984375 0.6952043125 0.492336840625 0.708709878125 0.49144043125000003 0.7093851453125 0.4898717171875 0.7255918359375
1 0.2152984203125 0.8080140921875 0.2234533546875 0.8250787 0.2380643 0.84521491875 0.25165587968750003 0.8537472234375001 0.2655872578125 0.8585253203125 0.2863144109375 0.8592079203124999 0.29956620625 0.8568188593749999 0.2268253625 0.6030966296875 0.2159779890625 0.6148427187500001 0.208162828125 0.631566015625 0.2006874625 0.6503370859375 0.1972895671875 0.6766166 0.19694977656249998 0.71074581875 0.19932830625 0.7441924375 0.2027262 0.7643286812500001 0.208842409375 0.7854887859375 0.2152984203125 0.8080140921875
1 0.20400622343750002 0.2168983921875 0.2029868703125 0.22884361874999998 0.20468581718749998 0.2407888453125 0.20434601406250003 0.265703184375 0.20604496249999998 0.28276779375 0.2128407515625 0.2977846296875 0.21929675781250002 0.3073408203125 0.22512693281249999 0.3227638828125 0.28793423906250004 0.08515961250000001 0.2750222265625 0.08584218593750001 0.2580327515625 0.088231221875 0.244441171875 0.09608095312500001 0.2315291734375 0.10666103125 0.22269465156249998 0.1216778671875 0.2111418046875 0.156489684375 0.208763275 0.1711652328125 0.20468581718749998 0.190960190625 0.20400622343750002 0.2168983921875