0 0.2525401125 0.6648686125000001 0.2592723796875 0.64656528125 0.27351372343749997 0.6246528437500001 0.291121209375 0.6084118484375 0.3193449671875 0.600935834375 0.3351399265625 0.57511261875 0.33436311875 0.543404021875 0.320121775 0.5196870234375 0.30484469375 0.5096330765625 0.28335320468749997 0.5055083828125 0.2670403859375 0.5047350078124999 0.24839717968750002 0.5132421875000001 0.23493264531250002 0.528709803125 0.22845930781249998 0.543146228125 0.22794142812499998 0.5593872125 0.21991449375 0.567121015625 0.19531580937499998 0.565316459375 0.176931534375 0.56119176875 0.175895796875 0.5454663765625 0.1668331234375 0.54056829375 0.15984192656250001 0.5392793250000001 0.145859503125 0.5470131296875 0.1401629734375 0.558613834375 0.132653896875 0.5758859968750001 0.126698428125 0.591353603125 0.12203762656249999 0.604758865625 0.1230733546875 0.6248667515624999 0.132136028125 0.636725246875 0.1422344390625 0.65038830625 0.1520739203125 0.6790123953125 0.152850709375 0.691386478125 0.15595792343749998 0.696800146875 0.15725259062500002 0.7016982265625 0.24350265468750001 0.6997605578125 0.24580784531250002 0.69374148125 0.25357585 0.6854921078125 0.25487051875 0.6723446265625 0.2525401125 0.6648686125000001
0 0.8926976921875 0.6837947484375 0.8997792125 0.6687322 0.9038257734374999 0.656981665625 0.9088839890625 0.6506027984375 0.917314346875 0.6378450640625 0.917314346875 0.6200513984375 0.9152910406249999 0.6009148234375 0.911244478125 0.579428125 0.9034885390625 0.5626416453124999 0.8940465281250001 0.5552555921875 0.8822440265625 0.551562571875 0.8778602828125001 0.5552555921875 0.8744881390625 0.561634459375 0.8738136703125001 0.572377809375 0.8613367500000001 0.576070828125 0.831999115625 0.5784209390624999 0.8185105421875001 0.5706991609375 0.814801190625 0.559620075 0.8127778843750001 0.54484798125 0.8026614546875 0.5307473359375 0.7820913859374999 0.517318153125 0.7524165421875 0.5149680437499999 0.7301603765625 0.5240327437500001 0.7166718046875 0.5357832796875 0.7116135906250001 0.5498839249999999 0.7062181671875 0.5676775890625 0.7125225171875 0.5970481421875 0.7186951109375 0.6127091515624999 0.7427973890625 0.6127105296875001 0.7554955750000001 0.6176388765625 0.7656110703125 0.6259956328125 0.7744352265625001 0.6407806671875 0.786272515625 0.6607083171875 0.7901465453125 0.6752790875 0.7897160875 0.6847072109375001 0.7929444390625 0.6943496140625001 0.796603246875 0.699277965625 0.79705089375 0.7048063890625 0.8859534046875 0.705281471875 0.8873022421875 0.6995740406250001 0.8926976921875 0.6837947484375
2 0.625927209375 0.6118614640625 0.61368879375 0.6235274921875 0.60275235625 0.6401192 0.6048354765624999 0.65437766875 0.6144699765625 0.6634512453125 0.6280103296874999 0.6647474718749999 0.6480604921875 0.6668214203125 0.663163190625 0.6655251953125 0.6714957328125 0.6600810515625 0.6767035640625 0.64763728125 0.6798282546875 0.6364897453125 0.683994515625 0.61937959375 0.6807765421875 0.598414634375 0.6696729796875001 0.5986399687499999 0.6496228375 0.6043433625 0.625927209375 0.6118614640625
3 0.551976003125 0.6128984671875 0.5355713265625 0.6157501390625 0.526718009375 0.6134169390624999 0.526197234375 0.6173056156250001 0.5272388046875001 0.6253422093750001 0.5277595796875 0.6349342984375 0.5225517484375 0.645304090625 0.5202082203125 0.661895759375 0.52411409375 0.6691546296875 0.531925840625 0.6725248234375 0.5454662140625001 0.674080290625 0.5561422640625 0.6751172734375 0.5712449828125 0.676672740625 0.5795775046875 0.679265190625 0.5928574703125 0.685227815625 0.6022315625 0.6922274453124999 0.6026461046875 0.5967948468750001 0.5954613859375 0.6004546859375 0.5793171171875 0.6069358125 0.551976003125 0.6128984671875
2 0.37832193125 0.6528786125 0.3931642625 0.6611744765625 0.4246716359375 0.6606559640625 0.4400347421875 0.6523601203125 0.44107629218750005 0.6404348703125 0.43378534062499996 0.62954655625 0.42310929062499997 0.6228061874999999 0.41373517968750007 0.611140159375 0.39654934062499997 0.6012888484375 0.37675958593750003 0.5963631890625 0.36565044375 0.5932313125 0.36347962031250003 0.5963631890625 0.36243805 0.610880909375 0.3689478390625 0.63343523125 0.37832193125 0.6528786125
3 0.489384034375 0.6730989359375 0.506049078125 0.6712842296875 0.515423190625 0.661692159375 0.5133400499999999 0.6510631046875 0.516985515625 0.6383601031249999 0.5177666984375 0.6279903 0.5156835578125001 0.6204721890625 0.506569853125 0.6171020046875 0.48834244375 0.6142503140625 0.46516759218750003 0.6062137109375 0.4487629359375 0.600251075 0.442253146875 0.5961031578125 0.4415020765625 0.5967948468750001 0.4412115765625 0.6813947796875001 0.45032528125000004 0.6764691203125001 0.469073465625 0.6718027109375 0.489384034375 0.6730989359375
5 0.3473259796875 0.5622535703125 0.353842540625 0.5902693234374999 0.366579415625 0.5902693234374999 0.364505978125 0.5743445828125 0.3581733828125 0.555058734375 0.34229047343749996 0.52185193125 0.3443639125 0.5371868546874999 0.3473259796875 0.5622535703125
5 0.6869089875000001 0.5680149890624999 0.681506775 0.5841503218749999 0.687359184375 0.5982687171875 0.6902853796875 0.593786684375 0.6923112171875 0.57541034375 0.6941119671875 0.5388817687499999 0.6925363078125 0.548294040625 0.6869089875000001 0.5680149890624999
4 0.7676684453125 0.508802684375 0.800532003125 0.5150775296875 0.7987312546875 0.5099231921875 0.7859009734375 0.5027519359375 0.766092803125 0.5020796328125 0.7413325984375 0.50432065 0.731203425 0.5128365125000001 0.7422329734375 0.510147290625 0.7676684453125 0.508802684375
4 0.24199480312500002 0.500852703125 0.2674302921875 0.49905989218749996 0.2867882671875 0.49659476874999997 0.3047956875 0.5004044984375 0.29129012187500003 0.492336840625 0.2906148546875 0.49144043125000003 0.2744081640625 0.4898717171875 0.2591018671875 0.49300914531249995 0.24537119375 0.49614656406249996 0.24199480312500002 0.500852703125
1 0.3496629140625 0.2006874625 0.3233834 0.1972895671875 0.28925418125 0.19694977656249998 0.2558075625 0.19932830625 0.23567131875 0.2027262 0.2145112140625 0.208842409375 0.1919859078125 0.2152984203125 0.1749213 0.2234533546875 0.15478508124999998 0.2380643 0.1462527765625 0.25165587968750003 0.1414746796875 0.2655872578125 0.14079207968750002 0.2863144109375 0.143181140625 0.29956620625 0.3969033703125 0.2268253625 0.38515728125000004 0.2159779890625 0.368433984375 0.208162828125 0.3496629140625 0.2006874625
1 0.903919046875 0.244441171875 0.89333896875 0.2315291734375 0.8783221328125 0.22269465156249998 0.8435103156249999 0.2111418046875 0.8288347671875 0.208763275 0.809039809375 0.20468581718749998 0.7831016078124999 0.20400622343750002 0.77115638125 0.2029868703125 0.7592111546875 0.20468581718749998 0.734296815625 0.20434601406250003 0.7172322062500001 0.20604496249999998 0.7022153703125 0.2128407515625 0.6926591796875 0.21929675781250002 0.6772361171875 0.22512693281249999 0.9148403875 0.28793423906250004 0.9141578140625001 0.2750222265625 0.911768778125 0.2580327515625 0.903919046875 0.244441171875