0 0.16782605781249998 0.8232291234375 0.174451571875 0.7829817046875001 0.185494140625 0.759906553125 0.1921196859375 0.731465065625 0.2225971109375 0.7083899140625001 0.25219106562500004 0.7014136859375 0.2619086078125 0.6799484078125 0.2707426484375 0.6423841859375 0.2601418 0.6134061078124999 0.2446821796875 0.574231971875 0.223922265625 0.5672557734375 0.2000703234375 0.5554498609375 0.180193715625 0.5613528171875 0.1554584015625 0.576378496875 0.1386736921875 0.59682925 0.138231940625 0.608098515625 0.12983965 0.6478092671875 0.11879711562499999 0.6606884328125 0.09582854375 0.6746408500000001 0.077718778125 0.6746408500000001 0.06358431249999999 0.6746408500000001 0.053425115625 0.66873789375 0.0437077046875 0.6655181156250001 0.036198753125 0.6639082109375 0.03045664375 0.6714210609375 0.0242727484375 0.6934229609375 0.021180884375 0.72079119375 0.01764726875 0.7383916515625 0.01764726875 0.7620034359375001 0.028248117187499998 0.7936647109375 0.035757068749999996 0.8135200656249999 0.0498915 0.8580604953125001 0.058825901562500005 0.8889160031250001 0.1629673203125 0.8720625656250001 0.1669426546875 0.8436210796875001 0.16782605781249998 0.8232291234375
4 0.17180132812499999 0.5484736421874999 0.1868192625 0.5527667046875 0.19830351562499998 0.549010284375 0.21994686562500002 0.549546915625 0.2393818203125 0.5640359734375 0.26084106406249996 0.5623577953125001 0.2345230484375 0.5457904953125 0.21464647343749998 0.5366677609375 0.182402209375 0.5447172218749999 0.17180132812499999 0.5484736421874999
5 0.29061925624999996 0.6803531281249999 0.2976864890625 0.6449354328125 0.2892941015625 0.61381076875 0.2710764984375 0.5858940296874999 0.27250945625 0.634202803125 0.2711843015625 0.6867926859375 0.29061925624999996 0.6803531281249999
2 0.283110371875 0.7688973375 0.29680311875 0.7866061953125 0.3202133421875 0.8000220015625 0.33434774218749996 0.7951922984375 0.354224284375 0.793582384375 0.3794013828125 0.78177653125 0.3833767828125 0.7667508125 0.38558524375 0.7495786046874999 0.380284753125 0.732942990625 0.368358815625 0.7184539812499999 0.354666134375 0.7018183859375 0.3286055984375 0.6937688750000001 0.309324703125 0.693227946875 0.2879689453125 0.7157708234375 0.283110371875 0.7366994499999999 0.283110371875 0.7688973375
3 0.43823935 0.8071891687500001 0.45469779531250004 0.8071891687500001 0.46116363437499996 0.803618490625 0.46410262031249994 0.7929065609375 0.468217253125 0.7679120265625 0.46704165 0.7486304796875001 0.46527822343749997 0.7364902640625 0.4558733984375 0.732205428125 0.42824670156250005 0.720779396875 0.40160199218750003 0.7021724875 0.40179560625 0.8193294109375 0.4253077140625 0.8071891687500001 0.43823935 0.8071891687500001
3 0.47318992812499994 0.7394987390625001 0.47318992812499994 0.757644009375 0.47658433593750005 0.7663042359375 0.4772631921875 0.7745521156249999 0.47828155156249996 0.785686728125 0.4820153875 0.8054815671875 0.501024046875 0.8067187296875 0.5207116625 0.8054815671875 0.5454908515625 0.8100178703124999 0.53164215625 0.7092709687500001 0.515959490625 0.7176419390625 0.49559304375 0.723003040625 0.47318992812499994 0.7287765046875 0.47318992812499994 0.7394987390625001
2 0.5573712921875 0.7489837828125 0.5577107203125 0.765891859375 0.5641601078125 0.779913171875 0.576040521875 0.785274290625 0.59504920625 0.7881610828125 0.62220451875 0.789810653125 0.6442681828125 0.791047815625 0.6588641234375 0.7613555265625 0.662598009375 0.7304260890625 0.6473230609375 0.7003214390625 0.6173375875 0.6946853203125001 0.597425228125 0.699909046875 0.576379975 0.71599236875 0.563141746875 0.7337252453125 0.5573712921875 0.7489837828125
5 0.6724417046875 0.666422965625 0.6724417046875 0.6169358375 0.6724417046875 0.5884807484375 0.65128456875 0.6021418953125 0.64800201875 0.6379678375 0.65648805 0.6837434499999999 0.670405084375 0.70106391875 0.6724417046875 0.666422965625
0 0.8899364468750001 0.8481029343750001 0.9014774828125001 0.8163487578125 0.9079268703125001 0.8015025984375 0.9116606562499999 0.7891308234375 0.9221833578125 0.773459909375 0.9279538140625 0.754077446875 0.9211649984375001 0.7305710765625 0.9181100687500001 0.7181992859374999 0.9150550890625 0.7062398890625 0.9143762328125 0.6905689749999999 0.9086057265624999 0.675310453125 0.9072479640625 0.6604643078125 0.89604638125 0.6542784203124999 0.8811110359375001 0.6555155828125 0.8675333546875 0.662113878125 0.8546345796875 0.6674749953125 0.8339287296875 0.660051915625 0.816277759375 0.6468553406249999 0.8128833515625 0.6340711734375 0.809828421875 0.6155135125 0.803379009375 0.597780628125 0.7928563578125 0.5825220984375 0.7806364890624999 0.5680883453125001 0.7670588328125 0.5610776734375 0.7378669 0.55654135625 0.70867499375 0.5635520328125 0.6917029796875 0.5775733875 0.6798225140625 0.5920071328125001 0.67642810625 0.6101524015625001 0.6774464546875001 0.6221117921875 0.6781253109375001 0.65716516875 0.6838958296875 0.673303115625 0.689666309375 0.6869120750000001 0.7137665921874999 0.702170596875 0.736169709375 0.7104184625000001 0.750426246875 0.7368115734375 0.7701138375000001 0.7792880375 0.7728293640625 0.815166184375 0.7721504578125 0.8333114531250001 0.7735082453125 0.8481576125 0.7796181796874999 0.8650657203125001 0.7816548 0.8992942812500001 0.883487109375 0.8891835828125 0.8855237546874999 0.8759870546874999 0.8899364468750001 0.8481029343750001
4 0.728362559375 0.5490439640625 0.7483896031249999 0.550693534375 0.7684166218749999 0.5502811265625 0.767737740625 0.5383217453125 0.755517871875 0.5391465296875 0.722592103125 0.5383217453125 0.701886203125 0.5527554968749999 0.688308559375 0.565952040625 0.6984917953124999 0.5626529171875 0.7130877625 0.551930696875 0.728362559375 0.5490439640625
1 0.849882459375 0.211460928125 0.829176559375 0.1937280375 0.8152594499999999 0.1715874703125 0.7925169296875 0.16581395937500001 0.757554490625 0.162102428125 0.7246287234375 0.160865265625 0.6920424078125 0.16581395937500001 0.6784647515625 0.1699378921875 0.6591166265624999 0.1950938421875 0.6418051593749999 0.2045788828125 0.6326402328125 0.2210745984375 0.6281093671875 0.24375618437500002 0.8574503874999999 0.3340677328125 0.8743221953125 0.3149714578125 0.8780560062499999 0.2741446015625 0.8726250046875 0.2366168703125 0.849882459375 0.211460928125
1 0.27648428125 0.1801424640625 0.2595122671875 0.1632343734375 0.2177610390625 0.157048478125 0.1943396125 0.1611724109375 0.15564331250000002 0.16570872812499998 0.13120357656249998 0.170657453125 0.10201166875 0.18797790625 0.075195809375 0.21931979687499997 0.0639942890625 0.24323854531250003 0.0639942890625 0.2807662921875 0.071287959375 0.29131669375 0.312464978125 0.21395867968750001 0.29651135 0.19828775 0.27648428125 0.1801424640625