0 0.3200515921875 0.2619086078125 0.3576158140625 0.2707426484375 0.3865938921875 0.2601418 0.425768028125 0.2446821796875 0.4327442265625 0.223922265625 0.4445501390625 0.2000703234375 0.4386471828125 0.180193715625 0.423621503125 0.1554584015625 0.40317075 0.1386736921875 0.391901484375 0.138231940625 0.3521907328125 0.12983965 0.3393115671875 0.11879711562499999 0.32535915000000004 0.09582854375 0.32535915000000004 0.077718778125 0.32535915000000004 0.06358431249999999 0.33126210624999997 0.053425115625 0.33448188437500004 0.0437077046875 0.33609178906250003 0.036198753125 0.3285789390625 0.03045664375 0.3065770390625 0.0242727484375 0.27920880625 0.021180884375 0.26160834843749997 0.01764726875 0.2379965640625 0.01764726875 0.2063352890625 0.028248117187499998 0.186479934375 0.035757068749999996 0.1419395046875 0.0498915 0.111083996875 0.058825901562500005 0.127937434375 0.1629673203125 0.1563789203125 0.1669426546875 0.17677087656249998 0.16782605781249998 0.2170182953125 0.174451571875 0.240093446875 0.185494140625 0.268534934375 0.1921196859375 0.29161008593750004 0.2225971109375 0.29858631406249997 0.25219106562500004 0.3200515921875 0.2619086078125
4 0.4542095046875 0.2345230484375 0.4633322390625 0.21464647343749998 0.45528277812500006 0.182402209375 0.45152635781250006 0.17180132812499999 0.4472332953125 0.1868192625 0.450989715625 0.19830351562499998 0.450453084375 0.21994686562500002 0.4359640265625 0.2393818203125 0.4376422046875 0.26084106406249996 0.4542095046875 0.2345230484375
5 0.31964687187499996 0.29061925624999996 0.3550645671875 0.2976864890625 0.38618923125000004 0.2892941015625 0.4141059703125 0.2710764984375 0.365797196875 0.27250945625 0.3132073140625 0.2711843015625 0.31964687187499996 0.29061925624999996
2 0.2332491875 0.3833767828125 0.25042139531249996 0.38558524375 0.267057009375 0.380284753125 0.28154601874999996 0.368358815625 0.2981816140625 0.354666134375 0.306231125 0.3286055984375 0.306772053125 0.309324703125 0.2842291765625 0.2879689453125 0.26330054999999997 0.283110371875 0.23110266249999997 0.283110371875 0.2133938046875 0.29680311875 0.1999779984375 0.3202133421875 0.2048077015625 0.33434774218749996 0.206417615625 0.354224284375 0.21822346874999998 0.3794013828125 0.2332491875 0.3833767828125
3 0.2635097359375 0.46527822343749997 0.267794571875 0.4558733984375 0.279220603125 0.42824670156250005 0.2978275125 0.40160199218750003 0.1806705890625 0.40179560625 0.19281083125 0.4253077140625 0.19281083125 0.43823935 0.19281083125 0.45469779531250004 0.196381509375 0.46116363437499996 0.20709343906250002 0.46410262031249994 0.2320879734375 0.468217253125 0.25136952031250004 0.46704165 0.2635097359375 0.46527822343749997
3 0.1932812703125 0.501024046875 0.1945184328125 0.5207116625 0.1899821296875 0.5454908515625 0.29072903125 0.53164215625 0.2823580609375 0.515959490625 0.276996959375 0.49559304375 0.2712234953125 0.47318992812499994 0.26050126093750003 0.47318992812499994 0.242355990625 0.47318992812499994 0.2336957640625 0.47658433593750005 0.225447884375 0.4772631921875 0.214313271875 0.47828155156249996 0.1945184328125 0.4820153875 0.1932812703125 0.501024046875
2 0.20895218437500002 0.6442681828125 0.2386444734375 0.6588641234375 0.2695739109375 0.662598009375 0.2996785609375 0.6473230609375 0.30531467968750003 0.6173375875 0.300090953125 0.597425228125 0.28400763125 0.576379975 0.2662747546875 0.563141746875 0.2510162171875 0.5573712921875 0.234108140625 0.5577107203125 0.220086828125 0.5641601078125 0.214725709375 0.576040521875 0.2118389171875 0.59504920625 0.21018934687500002 0.62220451875 0.20895218437500002 0.6442681828125
5 0.29893608125000004 0.670405084375 0.333577034375 0.6724417046875 0.3830641625 0.6724417046875 0.4115192515625 0.6724417046875 0.3978581046875 0.65128456875 0.3620321625 0.64800201875 0.31625654999999997 0.65648805 0.29893608125000004 0.670405084375
0 0.26942892343749997 0.9211649984375001 0.28180071406249996 0.9181100687500001 0.2937601109375 0.9150550890625 0.30943102499999997 0.9143762328125 0.324689546875 0.9086057265624999 0.3395356921875 0.9072479640625 0.3457215796875 0.89604638125 0.3444844171875 0.8811110359375001 0.337886121875 0.8675333546875 0.3325250046875 0.8546345796875 0.339948084375 0.8339287296875 0.353144659375 0.816277759375 0.3659288265625 0.8128833515625 0.3844864875 0.809828421875 0.40221937187499995 0.803379009375 0.4174779015625 0.7928563578125 0.4319116546875 0.7806364890624999 0.43892232656249996 0.7670588328125 0.44345864375 0.7378669 0.4364479671875 0.70867499375 0.42242661249999996 0.6917029796875 0.4079928671875 0.6798225140625 0.3898475984375 0.67642810625 0.3778882078125 0.6774464546875001 0.34283483124999997 0.6781253109375001 0.326696884375 0.6838958296875 0.313087925 0.689666309375 0.297829403125 0.7137665921874999 0.28958153750000004 0.736169709375 0.2631884265625 0.750426246875 0.22071196249999997 0.7701138375000001 0.184833815625 0.7728293640625 0.166688546875 0.7721504578125 0.1518423875 0.7735082453125 0.1349342796875 0.7796181796874999 0.10070571875 0.7816548 0.11081641718749999 0.883487109375 0.1240129453125 0.8855237546874999 0.151897065625 0.8899364468750001 0.1836512421875 0.9014774828125001 0.1984974015625 0.9079268703125001 0.2108691765625 0.9116606562499999 0.226540090625 0.9221833578125 0.245922553125 0.9279538140625 0.26942892343749997 0.9211649984375001
4 0.447244503125 0.701886203125 0.43404795937499996 0.688308559375 0.4373470828125 0.6984917953124999 0.44806930312500004 0.7130877625 0.45095603593750005 0.728362559375 0.449306465625 0.7483896031249999 0.44971887343750006 0.7684166218749999 0.4616782546875 0.767737740625 0.46085347031249996 0.755517871875 0.4616782546875 0.722592103125 0.447244503125 0.701886203125
1 0.8341860406249999 0.6920424078125 0.8300621078124999 0.6784647515625 0.8049061578125001 0.6591166265624999 0.7954211171875001 0.6418051593749999 0.7789254015625 0.6326402328125 0.756243815625 0.6281093671875 0.6659322671875 0.8574503874999999 0.6850285421875 0.8743221953125 0.7258553984375 0.8780560062499999 0.7633831296875 0.8726250046875 0.788539071875 0.849882459375 0.8062719625 0.829176559375 0.8284125296875 0.8152594499999999 0.8341860406249999 0.7925169296875 0.837897571875 0.757554490625 0.8391347343750001 0.7246287234375 0.8341860406249999 0.6920424078125
1 0.8120220937499999 0.10201166875 0.780680203125 0.075195809375 0.7567614546875 0.0639942890625 0.7192337078125 0.0639942890625 0.70868330625 0.071287959375 0.7860413203125 0.312464978125 0.8017122499999999 0.29651135 0.8198575359375001 0.27648428125 0.8367656265625 0.2595122671875 0.842951521875 0.2177610390625 0.8388275890625 0.1943396125 0.834291271875 0.15564331250000002 0.829342546875 0.13120357656249998 0.8120220937499999 0.10201166875