1 0.6476382843749999 0.677572271875 0.6185642421875001 0.677572271875 0.598741015625 0.6819988968749999 0.57847728125 0.6961642015625 0.5661428390625 0.7134281484375 0.560856640625 0.7430868687500001 0.5683454015625 0.7652201234375 0.585085009375 0.790894703125 0.6005030625 0.7953213609375 0.6185642421875001 0.7975346734375 0.6300176375000001 0.79974801875 0.6485193328125 0.820553325 0.6546865546875 0.853310590625 0.644995190625 0.864819965625 0.6291366375 0.869246590625 0.6331012796875 0.8803132171874999 0.6357443578125 0.89757723125 0.6401494999999999 0.9033318703125 0.6555676578125 0.9108572359375 0.6736288125 0.9135131984375 0.6982977140625 0.9197104859375 0.72032351875 0.9245798578125 0.748516521875 0.9166118750000001 0.7612914875000001 0.905545215625 0.7866516890625 0.8946158593750001 0.786841340625 0.790452021875 0.7648155171875 0.7882387093750001 0.7317768171875 0.7754014515625001 0.710632059375 0.76344939375 0.6921303953125 0.7528254828125001 0.685522659375 0.7289214328125 0.682439065625 0.71254285 0.6740692484374999 0.6988201625 0.6476382843749999 0.677572271875
4 0.5555704515625 0.7541534640625 0.5555704515625 0.723609509375 0.5535260937500001 0.7029575859375 0.5454385796875 0.7324627921875 0.54896270625 0.7647774078125 0.5586540624999999 0.7749587375 0.5555704515625 0.7541534640625
5 0.6573296484375 0.6656203140625 0.636625390625 0.6580949140625 0.6101944421875001 0.6616362390625 0.5899306921874999 0.665177565625 0.57447894375 0.68730099375 0.592133278125 0.6771295234375 0.6335417796875 0.667833659375 0.6573296484375 0.6656203140625
2 0.690808865625 0.5770870328125 0.6793554375 0.5850550484375 0.6670209796875 0.593465746875 0.6577701312500001 0.626665596875 0.6588275953125 0.638171690625 0.6758313125 0.6523402421875 0.7115131078125 0.6532256734375 0.7304553031250001 0.6479136171875 0.740587165625 0.6346336124999999 0.741468196875 0.605417640625 0.7353009765625 0.5739884546875 0.7238475656250001 0.5651351390625 0.7057864015625 0.56734841875 0.690808865625 0.5770870328125
3 0.668783075 0.47394583125 0.663056353125 0.5067031953125001 0.6652589328125 0.5297217484375001 0.652483975 0.5611510656250001 0.754683671875 0.5381325125 0.747635434375 0.524409825 0.7441112765625 0.5080312421875 0.741468196875 0.4916525265625 0.7348604609375 0.4792578859375 0.717239828125 0.4783725203125 0.7040243390625001 0.4783725203125 0.6802364703125 0.47704460624999995 0.668783075 0.47394583125
3 0.6596332328125001 0.42632119843750005 0.6622763125 0.43915845625000005 0.6741702703125 0.4657184328125 0.6904693390625 0.4657184328125 0.7213054609375 0.4657184328125 0.737164028125 0.46483306874999997 0.750820034375 0.41481182343749995 0.6622763125 0.3971052265625 0.6582483296875 0.3973841109375 0.6596332328125001 0.42632119843750005
2 0.6895882906249999 0.3014893265625 0.6680030328125001 0.3050307171875 0.6600737328124999 0.31476933125 0.6673816218749999 0.352033984375 0.6772538484374999 0.3656759421875 0.6957555453125 0.3776278671875 0.7208649453125 0.387366546875 0.7283537296875 0.387366546875 0.733199403125 0.3785131984375 0.7437717828125 0.35726524375 0.74861745625 0.33070529843749996 0.7450933453124999 0.312998734375 0.7305563078125 0.3072440625 0.6895882906249999 0.3014893265625
5 0.6565496140625 0.292193328125 0.6658004546875 0.28688134062500004 0.6270350312499999 0.288652003125 0.5856265265625 0.2771427921875 0.5961989187500001 0.292193328125 0.6182247249999999 0.29573465468750004 0.6565496140625 0.292193328125
4 0.56509915 0.2266788640625 0.5615749906249999 0.1974629578125 0.56642068125 0.1841828859375 0.5567293249999999 0.175329571875 0.5549672625000001 0.19879080625 0.553645715625 0.2222522390625 0.562456021875 0.2404014203125 0.5679898999999999 0.2618736140625 0.56509915 0.2266788640625
0 0.6685299765625 0.0498553625 0.65795758125 0.0529541375 0.6429800453125 0.06599101562500001 0.6359317921875001 0.080599134375 0.640777465625 0.093436325 0.64826621875 0.09874844687499999 0.65839808125 0.1036176875 0.65795758125 0.127078921875 0.6460636234375 0.1456710484375 0.6249188640625001 0.15408154999999998 0.61038184375 0.15762294062499999 0.5865939828125 0.1669188734375 0.5795457390625 0.175772253125 0.56853284375 0.2005614703125 0.56897334375 0.21826810000000002 0.57470005625 0.246156090625 0.5932017359375 0.2669614296875 0.6108223921875 0.27183073750000003 0.6359317921875001 0.2802413703125 0.6527607343749999 0.272273353125 0.6695003500000001 0.2634201046875 0.6857994515625 0.2439427453125 0.6946097671875 0.211185446875 0.724124340625 0.1899374921875 0.74570963125 0.178428215625 0.7580440578125 0.17488695468749998 0.7897612109375001 0.1899374921875 0.8104654531250001 0.1704603296875 0.8280861171874999 0.1704603296875 0.862941553125 0.17333289062499999 0.836807075 0.0861539875 0.8020063109375 0.077300671875 0.7680865453125 0.058266060937499996 0.7535495734375 0.042772776562499996 0.74165563125 0.041887478125 0.7257970296875 0.035690125 0.69892555 0.04233009375 0.6830669984375 0.0458713546875 0.6685299765625 0.0498553625
1 0.26611255312500004 0.302617653125 0.285054740625 0.316340275 0.3044374515625 0.332718990625 0.32734425625 0.3411295890625 0.34556734218749996 0.08536735625 0.33488718125 0.08438345625 0.31990964375000003 0.0914660421875 0.302289003125 0.09722064687500001 0.2754175359375 0.1180259859375 0.2635235984375 0.1560952078125 0.2533375875 0.1892951890625 0.2533375875 0.2145270859375 0.2533375875 0.24418587343749998 0.255099634375 0.2782710203125 0.26611255312500004 0.302617653125
1 0.256058246875 0.8310612015625001 0.2705952671875 0.8354878593749999 0.3005503734375 0.8531944890625001 0.3219282296875 0.8579038515624999 0.271035815625 0.6672747765625 0.2551772140625 0.6628482171875001 0.2516531046875 0.6765708390625 0.239759178125 0.7102134359375001 0.238878146875 0.7336747375 0.238878146875 0.7646613062500001 0.24989102500000002 0.792549265625 0.24989102500000002 0.8111412921875001 0.256058246875 0.8310612015625001