1 0.35236171562499996 0.322427728125 0.3814357578125 0.322427728125 0.40125898437499996 0.31800110312499996 0.42152271875 0.3038357984375 0.43385716093750004 0.2865718515625 0.43914335937500004 0.25691313125000004 0.4316545984375 0.2347798765625 0.414914990625 0.209105296875 0.39949693750000004 0.2046786390625 0.3814357578125 0.2024653265625 0.3699823625 0.20025198125000002 0.35148066718750004 0.179446675 0.3453134453125 0.146689409375 0.355004809375 0.13518003437499998 0.3708633625 0.130753409375 0.3668987203125 0.1196867828125 0.3642556421875 0.10242276875 0.35985049999999996 0.0966681296875 0.3444323421875 0.0891427640625 0.3263711875 0.08648680156250001 0.3017022859375 0.0802895140625 0.27967648125 0.07542014218750001 0.251483478125 0.08338812500000001 0.2387085125 0.094454784375 0.2133483109375 0.10538414062499998 0.21315865937499998 0.20954797812499998 0.23518448281249998 0.21176129062500001 0.2682231828125 0.2245985484375 0.289367940625 0.23655060625000002 0.3078696046875 0.2471745171875 0.314477340625 0.2710785671875 0.317560934375 0.28745715 0.3259307515625 0.3011798375 0.35236171562499996 0.322427728125
4 0.4444295484375 0.2458465359375 0.4444295484375 0.276390490625 0.44647390624999994 0.2970424140625 0.4545614203125 0.2675372078125 0.45103729374999996 0.23522259218750002 0.44134593750000006 0.2250412625 0.4444295484375 0.2458465359375
5 0.3426703515625 0.3343796859375 0.363374609375 0.3419050859375 0.38980555781250004 0.3383637609375 0.41006930781250006 0.33482243437500003 0.42552105625000003 0.31269900625 0.40786672187499995 0.3228704765625 0.3664582203125 0.332166340625 0.3426703515625 0.3343796859375
2 0.309191134375 0.42291296718750004 0.3206445625 0.4149449515625 0.3329790203125 0.40653425312499997 0.34222986875 0.373334403125 0.3411724046875 0.361828309375 0.3241686875 0.34765975781249997 0.2884868921875 0.34677432656249996 0.269544696875 0.3520863828125 0.259412834375 0.3653663875 0.258531803125 0.394582359375 0.2646990234375 0.42601154531249996 0.27615243437500003 0.4348648609375 0.2942135984375 0.43265158125000003 0.309191134375 0.42291296718750004
3 0.331216925 0.52605416875 0.336943646875 0.4932968046875 0.3347410671875 0.47027825156249997 0.347516025 0.438848934375 0.245316328125 0.4618674875 0.252364565625 0.47559017499999995 0.2558887234375 0.4919687578125 0.258531803125 0.5083474734375 0.2651395390625 0.5207421140624999 0.282760171875 0.5216274796875 0.2959756609375 0.5216274796875 0.3197635296875 0.52295539375 0.331216925 0.52605416875
3 0.34036676718750003 0.5736788015625 0.3377236875 0.56084154375 0.3258297296875 0.5342815671875 0.30953066093750004 0.5342815671875 0.2786945390625 0.5342815671875 0.262835971875 0.53516693125 0.249179965625 0.5851881765625 0.3377236875 0.6028947734375001 0.3417516703125 0.6026158890625 0.34036676718750003 0.5736788015625
2 0.31041170937499996 0.6985106734375 0.3319969671875 0.6949692828125 0.33992626718749996 0.6852306687499999 0.332618378125 0.647966015625 0.32274615156249997 0.6343240578125 0.3042444546875 0.6223721328125 0.2791350546875 0.6126334531250001 0.2716462703125 0.6126334531250001 0.266800596875 0.6214868015625 0.2562282171875 0.64273475625 0.25138254375 0.6692947015625 0.25490665468749996 0.687001265625 0.2694436921875 0.6927559375000001 0.31041170937499996 0.6985106734375
5 0.3434503859375 0.707806671875 0.3341995453125 0.713118659375 0.37296496874999996 0.711347996875 0.41437347343750003 0.7228572078125 0.40380108124999997 0.707806671875 0.38177527499999997 0.7042653453125001 0.3434503859375 0.707806671875
4 0.43490085 0.7733211359375 0.43842500937500006 0.8025370421875 0.43357931875 0.8158171140625001 0.44327067500000006 0.824670428125 0.44503273749999994 0.8012091937499999 0.446354284375 0.7777477609375001 0.437543978125 0.7595985796875 0.4320101 0.7381263859375 0.43490085 0.7733211359375
0 0.3314700234375 0.9501446375 0.34204241875 0.9470458624999999 0.35701995468750003 0.934008984375 0.36406820781250004 0.919400865625 0.359222534375 0.9065636749999999 0.35173378125 0.9012515531249999 0.34160191875 0.8963823124999999 0.34204241875 0.872921078125 0.3539363765625 0.8543289515625 0.37508113593750003 0.8459184499999999 0.38961815624999996 0.842377059375 0.41340601718750003 0.8330811265625 0.42045426093750005 0.824227746875 0.43146715625 0.7994385296875001 0.43102665625 0.7817319 0.42529994374999996 0.753843909375 0.40679826406249997 0.7330385703125 0.3891776078125 0.7281692625 0.36406820781250004 0.7197586296875 0.34723926562499996 0.727726646875 0.33049965000000003 0.7365798953125 0.3142005484375 0.7560572546875 0.3053902328125 0.788814553125 0.27587565937499997 0.8100625078125001 0.25429036875 0.8215717843749999 0.2419559421875 0.8251130453125001 0.21023878906250001 0.8100625078125001 0.189534546875 0.8295396703125 0.1719138828125 0.8295396703125 0.137058446875 0.826667109375 0.163192925 0.9138460125 0.19799368906249998 0.922699328125 0.2319134546875 0.9417339390624999 0.2464504265625 0.9572272234374999 0.25834436875 0.958112521875 0.2742029703125 0.964309875 0.30107445 0.9576699062499999 0.3169330015625 0.9541286453125 0.3314700234375 0.9501446375
1 0.7338874468750001 0.697382346875 0.7149452593750001 0.6836597249999999 0.6955625484375 0.667281009375 0.67265574375 0.6588704109375 0.6544326578125 0.9146326437500001 0.6651128187500001 0.91561654375 0.68009035625 0.9085339578125 0.6977109968749999 0.9027793531249999 0.7245824640625 0.8819740140624999 0.7364764015625 0.8439047921875 0.7466624125 0.8107048109375 0.7466624125 0.7854729140625001 0.7466624125 0.7558141265625 0.7449003656250001 0.7217289796874999 0.7338874468750001 0.697382346875
1 0.743941753125 0.16893879843749998 0.7294047328125 0.164512140625 0.6994496265625 0.1468055109375 0.6780717703125 0.14209614843750001 0.728964184375 0.3327252234375 0.7448227859375 0.3371517828125 0.7483468953125 0.3234291609375 0.760240821875 0.28978656406250003 0.7611218531249999 0.2663252625 0.7611218531249999 0.23533869375 0.7501089750000001 0.207450734375 0.7501089750000001 0.1888587078125 0.743941753125 0.16893879843749998