1 0.2245985484375 0.7317768171875 0.23655060625000002 0.710632059375 0.2471745171875 0.6921303953125 0.2710785671875 0.685522659375 0.28745715 0.682439065625 0.3011798375 0.6740692484374999 0.322427728125 0.6476382843749999 0.322427728125 0.6185642421875001 0.31800110312499996 0.598741015625 0.3038357984375 0.57847728125 0.2865718515625 0.5661428390625 0.25691313125000004 0.560856640625 0.2347798765625 0.5683454015625 0.209105296875 0.585085009375 0.2046786390625 0.6005030625 0.2024653265625 0.6185642421875001 0.20025198125000002 0.6300176375000001 0.179446675 0.6485193328125 0.146689409375 0.6546865546875 0.13518003437499998 0.644995190625 0.130753409375 0.6291366375 0.1196867828125 0.6331012796875 0.10242276875 0.6357443578125 0.0966681296875 0.6401494999999999 0.0891427640625 0.6555676578125 0.08648680156250001 0.6736288125 0.0802895140625 0.6982977140625 0.07542014218750001 0.72032351875 0.08338812500000001 0.748516521875 0.094454784375 0.7612914875000001 0.10538414062499998 0.7866516890625 0.20954797812499998 0.786841340625 0.21176129062500001 0.7648155171875 0.2245985484375 0.7317768171875
4 0.2458465359375 0.5555704515625 0.276390490625 0.5555704515625 0.2970424140625 0.5535260937500001 0.2675372078125 0.5454385796875 0.23522259218750002 0.54896270625 0.2250412625 0.5586540624999999 0.2458465359375 0.5555704515625
5 0.3419050859375 0.636625390625 0.3383637609375 0.6101944421875001 0.33482243437500003 0.5899306921874999 0.31269900625 0.57447894375 0.3228704765625 0.592133278125 0.332166340625 0.6335417796875 0.3343796859375 0.6573296484375 0.3419050859375 0.636625390625
2 0.3520863828125 0.7304553031250001 0.3653663875 0.740587165625 0.394582359375 0.741468196875 0.42601154531249996 0.7353009765625 0.4348648609375 0.7238475656250001 0.43265158125000003 0.7057864015625 0.42291296718750004 0.690808865625 0.4149449515625 0.6793554375 0.40653425312499997 0.6670209796875 0.373334403125 0.6577701312500001 0.361828309375 0.6588275953125 0.34765975781249997 0.6758313125 0.34677432656249996 0.7115131078125 0.3520863828125 0.7304553031250001
3 0.4919687578125 0.7441112765625 0.5083474734375 0.741468196875 0.5207421140624999 0.7348604609375 0.5216274796875 0.717239828125 0.5216274796875 0.7040243390625001 0.52295539375 0.6802364703125 0.52605416875 0.668783075 0.4932968046875 0.663056353125 0.47027825156249997 0.6652589328125 0.438848934375 0.652483975 0.4618674875 0.754683671875 0.47559017499999995 0.747635434375 0.4919687578125 0.7441112765625
3 0.5342815671875 0.6904693390625 0.5342815671875 0.7213054609375 0.53516693125 0.737164028125 0.5851881765625 0.750820034375 0.6028947734375001 0.6622763125 0.6026158890625 0.6582483296875 0.5736788015625 0.6596332328125001 0.56084154375 0.6622763125 0.5342815671875 0.6741702703125 0.5342815671875 0.6904693390625
2 0.6126334531250001 0.7283537296875 0.6214868015625 0.733199403125 0.64273475625 0.7437717828125 0.6692947015625 0.74861745625 0.687001265625 0.7450933453124999 0.6927559375000001 0.7305563078125 0.6985106734375 0.6895882906249999 0.6949692828125 0.6680030328125001 0.6852306687499999 0.6600737328124999 0.647966015625 0.6673816218749999 0.6343240578125 0.6772538484374999 0.6223721328125 0.6957555453125 0.6126334531250001 0.7208649453125 0.6126334531250001 0.7283537296875
5 0.707806671875 0.6565496140625 0.713118659375 0.6658004546875 0.711347996875 0.6270350312499999 0.7228572078125 0.5856265265625 0.707806671875 0.5961989187500001 0.7042653453125001 0.6182247249999999 0.707806671875 0.6565496140625
4 0.8158171140625001 0.56642068125 0.824670428125 0.5567293249999999 0.8012091937499999 0.5549672625000001 0.7777477609375001 0.553645715625 0.7595985796875 0.562456021875 0.7381263859375 0.5679898999999999 0.7733211359375 0.56509915 0.8025370421875 0.5615749906249999 0.8158171140625001 0.56642068125
0 0.9417339390624999 0.7680865453125 0.9572272234374999 0.7535495734375 0.958112521875 0.74165563125 0.964309875 0.7257970296875 0.9576699062499999 0.69892555 0.9541286453125 0.6830669984375 0.9501446375 0.6685299765625 0.9470458624999999 0.65795758125 0.934008984375 0.6429800453125 0.919400865625 0.6359317921875001 0.9065636749999999 0.640777465625 0.9012515531249999 0.64826621875 0.8963823124999999 0.65839808125 0.872921078125 0.65795758125 0.8543289515625 0.6460636234375 0.8459184499999999 0.6249188640625001 0.842377059375 0.61038184375 0.8330811265625 0.5865939828125 0.824227746875 0.5795457390625 0.7994385296875001 0.56853284375 0.7817319 0.56897334375 0.753843909375 0.57470005625 0.7330385703125 0.5932017359375 0.7281692625 0.6108223921875 0.7197586296875 0.6359317921875001 0.727726646875 0.6527607343749999 0.7365798953125 0.6695003500000001 0.7560572546875 0.6857994515625 0.788814553125 0.6946097671875 0.8100625078125001 0.724124340625 0.8215717843749999 0.74570963125 0.8251130453125001 0.7580440578125 0.8100625078125001 0.7897612109375001 0.8295396703125 0.8104654531250001 0.8295396703125 0.8280861171874999 0.826667109375 0.862941553125 0.9138460125 0.836807075 0.922699328125 0.8020063109375 0.9417339390624999 0.7680865453125
1 0.8819740140624999 0.2754175359375 0.8439047921875 0.2635235984375 0.8107048109375 0.2533375875 0.7854729140625001 0.2533375875 0.7558141265625 0.2533375875 0.7217289796874999 0.255099634375 0.697382346875 0.26611255312500004 0.6836597249999999 0.285054740625 0.667281009375 0.3044374515625 0.6588704109375 0.32734425625 0.9146326437500001 0.34556734218749996 0.91561654375 0.33488718125 0.9085339578125 0.31990964375000003 0.9027793531249999 0.302289003125 0.8819740140624999 0.2754175359375
1 0.3234291609375 0.2516531046875 0.28978656406250003 0.239759178125 0.2663252625 0.238878146875 0.23533869375 0.238878146875 0.207450734375 0.24989102500000002 0.1888587078125 0.24989102500000002 0.16893879843749998 0.256058246875 0.164512140625 0.2705952671875 0.1468055109375 0.3005503734375 0.14209614843750001 0.3219282296875 0.3327252234375 0.271035815625 0.3371517828125 0.2551772140625 0.3234291609375 0.2516531046875