0 0.31449903749999997 0.613696428125 0.3070419625 0.5993493484375 0.298590528125 0.578570775 0.3085333703125 0.5553185625 0.3254362 0.5330558234375 0.34283619062500004 0.52711909375 0.3676933296875 0.5152456515625 0.3781332953125 0.4964459875 0.3781332953125 0.4825936171875 0.37863038125 0.46676229999999996 0.366699046875 0.4440048328125 0.359241896875 0.43064718125 0.34383047499999997 0.41976317500000004 0.31599051875 0.418773725 0.30107625625 0.42124735781249995 0.284173390625 0.43064718125 0.272739103125 0.44598374375 0.267270559375 0.46577284375000005 0.26031053437499996 0.4801199609375 0.24589343281249998 0.483583053125 0.24539623437500002 0.4801199609375 0.230482046875 0.47418323124999995 0.21904768749999998 0.47418323124999995 0.20761343906250002 0.47418323124999995 0.2001562890625 0.47517266718749995 0.18723063281250002 0.4830883078125 0.177287790625 0.5028774453125 0.17281353125 0.5221718375 0.166350665625 0.5459187390625 0.16933351875 0.5721393171875 0.18027064375 0.58351805 0.19269921406249998 0.5973704203125 0.2044509765625 0.6288385953125 0.2816876609375 0.6760321703125001 0.298590528125 0.6458537734375 0.31449903749999997 0.613696428125
2 0.40247142968749994 0.509690690625 0.40910784062500005 0.5409737328124999 0.41504565312499997 0.573299509375 0.43076353593750005 0.586507890625 0.46953425624999995 0.573299509375 0.480362090625 0.561829071875 0.47931424843750003 0.5423640890625 0.4772185359375 0.529850871875 0.4555628140625 0.509690690625 0.44124212343749997 0.5013485484375 0.41542888749999995 0.499466659375 0.41749069062500005 0.49717749375000003 0.4045671421875 0.5003057953125001 0.40247142968749994 0.509690690625
2 0.5362477578125 0.5628718265625 0.544630659375 0.54931586875 0.54532923125 0.5281129265625 0.5439320890625 0.5131665875 0.538343521875 0.5086479374999999 0.5313578140625 0.50169615 0.5145920875 0.4961347265625 0.4852521125 0.49231123437499996 0.4776240515625 0.4880208421875 0.4988742046875 0.5885934374999999 0.513893490625 0.579208534375 0.5362477578125 0.5628718265625
2 0.5603485171875 0.5055196234375 0.5551092234375 0.516642490625 0.5530134578125 0.5361074734375 0.5547598984375 0.5475779234375 0.56349199375 0.557310415625 0.5715255984375001 0.56982361875 0.5854970671874999 0.5771230015625 0.5914349328124999 0.5799037 0.605406296875 0.593459696875 0.6160721890625 0.49014043906250004 0.61274135625 0.493701596875 0.59353061875 0.49856785 0.5736213625000001 0.5048244453125 0.5603485171875 0.5055196234375
3 0.6158848859375 0.561829071875 0.63579421875 0.5788609453125 0.6584977328125 0.5795560984375 0.6644355453124999 0.566000153125 0.6707226562499999 0.54653513125 0.6752634328125 0.5235942578125 0.6791056109375 0.5069099859375 0.6703734625 0.4968299046875 0.65884703125 0.50169615 0.6501517296875 0.50370585 0.627760615625 0.521161134375 0.615186340625 0.5322839953125 0.6123920046875 0.5552248953125 0.6158848859375 0.561829071875
5 0.3972321359375 0.488974884375 0.3902464015625 0.5007929359375 0.3940885796875 0.5060067703125 0.40247142968749994 0.48827969375 0.40002639375 0.46916231093749994 0.3944378515625 0.4444834859375 0.376237415625 0.4265525671875 0.3843085625 0.43579374218750005 0.3933899828125 0.460124996875 0.39583499375 0.47646169374999997 0.3972321359375 0.488974884375
4 0.2815629953125 0.417629340625 0.3124060234375 0.408677146875 0.3359666890625 0.4137926890625 0.3444004203125 0.409798115625 0.3205451359375 0.40654567343750003 0.2991263921875 0.40739827812499996 0.278992759375 0.41592416249999997 0.2815629953125 0.417629340625
0 0.92565674375 0.559585496875 0.9277986359374999 0.547222953125 0.918985471875 0.5173823296875 0.9065627031249999 0.48370503906250006 0.8941397437499999 0.4696373171875 0.875719690625 0.46196399687499995 0.849160334375 0.46580066562500005 0.8444482234375 0.482426171875 0.8281700000000001 0.46622692812500005 0.82131586875 0.4568484625 0.817460603125 0.4346811421875 0.8024674890625001 0.42317117968750007 0.7844757 0.41123492968750003 0.759629971875 0.4116612078125 0.731357178125 0.4201871171875 0.715507153125 0.43425483906249995 0.7120802796875 0.45130664062500003 0.7120802796875 0.47262139531249997 0.7120802796875 0.48455764375 0.7180774999999999 0.495215009375 0.730500396875 0.5161034453125 0.7609150812500001 0.522924175 0.7764694125 0.53873540625 0.8888163828125 0.6069042484375 0.9102352375 0.5757847093749999 0.92565674375 0.559585496875
4 0.8087102421875001 0.41200350312499995 0.7984292374999999 0.4017724328125 0.7722983359375 0.396656896875 0.75045121875 0.39623057031250003 0.7273011109375 0.409798115625 0.7551632984375 0.405609084375 0.774440228125 0.4060353796875 0.8087102421875001 0.41200350312499995
5 0.6917637734375 0.5040831890625 0.6981894171875 0.49726241250000003 0.6921921 0.4797843484375 0.6913354140625 0.4580433390625 0.692819184375 0.4139573828125 0.6874800203125 0.4456808109375 0.683624596875 0.4674218203125 0.682767909375 0.490868040625 0.6917637734375 0.5040831890625
1 0.9013735765625001 0.235349021875 0.9079617578124999 0.2266949140625 0.9087522453125001 0.198896903125 0.9011100796875 0.177392771875 0.8932043015625 0.162444775 0.8808186234375001 0.150381478125 0.8615812281249999 0.133073271875 0.8378639328125 0.1233701921875 0.819417221875 0.1194365015625 0.7864765125 0.1107824046875 0.7422042249999999 0.112880371875 0.7063648046875 0.1238946828125 0.6734240953125 0.1451365703125 0.6467201218749999 0.1718187859375 0.8810821578124999 0.277308303125 0.890041959375 0.2571153984375 0.9013735765625001 0.235349021875
1 0.391388396875 0.15835275 0.375680384375 0.1499916046875 0.3515704046875 0.1416304578125 0.319058484375 0.1285434328125 0.2770486765625 0.12708930624999998 0.2595141921875 0.1278163765625 0.22919403124999999 0.1423575140625 0.204718790625 0.1507186734375 0.18681896250000002 0.170349190625 0.1806088375 0.1848903015625 0.172937475 0.1990679109375 0.170725859375 0.23241386875 0.422073765625 0.201612621875 0.4067310953125 0.1758021125 0.391388396875 0.15835275