0 0.6323066703125 0.4847543484375 0.6218667046874999 0.5035540125 0.6218667046874999 0.5174063828125 0.62136961875 0.5332377 0.633300953125 0.5559951671875 0.640758103125 0.56935281875 0.6561695249999999 0.580236825 0.68400948125 0.581226275 0.69892374375 0.5787526421875 0.715826609375 0.56935281875 0.7272608968750001 0.55401625625 0.732729440625 0.53422715625 0.7396894656249999 0.5198800390625 0.7541065671875 0.516416946875 0.754603765625 0.5198800390625 0.769517953125 0.52581676875 0.7809523125 0.52581676875 0.7923865609375 0.52581676875 0.7998437109375 0.5248273328125 0.8127693671875 0.5169116921875 0.8227122093749999 0.4971225546875 0.8271864687500001 0.4778281625 0.833649334375 0.4540812609375 0.83066648125 0.42786068281249995 0.8197293562500001 0.41648195 0.8073007859375 0.4026295796875 0.7955490234375 0.3711614046875 0.7183123390625 0.32396782968750004 0.701409471875 0.3541462265625 0.6855009625 0.386303571875 0.6929580375 0.4006506515625 0.701409471875 0.42142922499999996 0.6914666296875 0.4446814375 0.6745637999999999 0.4669441765625 0.657163809375 0.47288090625 0.6323066703125 0.4847543484375
2 0.5206857515625 0.4576359109375 0.5227814640624999 0.470149128125 0.5444371859375 0.490309309375 0.5587578765625001 0.4986514515625 0.5845711125 0.500533340625 0.582509309375 0.50282250625 0.5954328578125 0.4996942046875 0.5975285703125001 0.490309309375 0.590892159375 0.4590262671875 0.584954346875 0.42670049062500004 0.5692364640625 0.413492109375 0.53046574375 0.42670049062500004 0.519637909375 0.438170928125 0.5206857515625 0.4576359109375
2 0.48540791250000004 0.5038652734375 0.5147478875 0.507688765625 0.5223759484375 0.5119791578124999 0.5011257953125 0.4114065625 0.486106509375 0.42079146562499997 0.46375224218750005 0.4371281734375 0.455369340625 0.45068413124999995 0.45467076874999995 0.47188707343749997 0.4560679109375 0.48683341249999995 0.461656478125 0.4913520625 0.46864218593749996 0.49830385 0.48540791250000004 0.5038652734375
2 0.4145029328125 0.4228769984375 0.4085650671875 0.4200963 0.39459370312500003 0.406540303125 0.3839278109375 0.5098595609375 0.38725864374999996 0.506298403125 0.40646938125 0.5014321500000001 0.42637863749999994 0.49517555468749996 0.43965148281250005 0.4944803765625 0.4448907765625 0.48335750937500005 0.4469865421875 0.46389252656249996 0.4452401015625 0.45242207656250005 0.43650800624999997 0.44268958437499994 0.4284744015625 0.43017638125 0.4145029328125 0.4228769984375
3 0.3208943890625 0.49309001406249997 0.3296265375 0.5031700953125 0.34115296875 0.49830385 0.3498482703125 0.49629415000000004 0.372239384375 0.47883886562500005 0.384813659375 0.46771600468749996 0.3876079953125 0.44477510468750003 0.3841151140625 0.438170928125 0.36420578125 0.4211390546875 0.3415022671875 0.4204439015625 0.33556445468749996 0.43399984687500004 0.32927734375 0.45346486874999997 0.3247365671875 0.4764057421875 0.3208943890625 0.49309001406249997
5 0.623762584375 0.5734474328125 0.6156914375 0.5642062578125 0.6066100171875 0.5398750031249999 0.6041650062499999 0.5235383062500001 0.6027678640625 0.5110251156250001 0.6097535984375 0.49920706406250004 0.6059114203125 0.4939932296875 0.5975285703125001 0.51172030625 0.5999736062500001 0.5308376890625001 0.6055621484375 0.5555165140625 0.623762584375 0.5734474328125
4 0.721007240625 0.5840758375 0.7184370046875 0.582370659375 0.6875939765625 0.591322853125 0.6640333109375 0.5862073109375 0.6555995796875 0.590201884375 0.6794548640625 0.5934543265625 0.7008736078125 0.592601721875 0.721007240625 0.5840758375
0 0.150839665625 0.534199334375 0.15555177656250002 0.517573828125 0.17182999999999998 0.533773071875 0.17868413125 0.5431515375 0.182539396875 0.5653188578125 0.1975325109375 0.5768288203124999 0.2155243 0.5887650703125 0.240370028125 0.5883387921875001 0.268642821875 0.5798128828125 0.284492846875 0.5657451609375 0.2879197203125 0.548693359375 0.2879197203125 0.5273786046875 0.2879197203125 0.51544235625 0.28192249999999996 0.5047849906249999 0.269499603125 0.48389655468750004 0.23908491875000001 0.477075825 0.2235305875 0.46126459375 0.1111836171875 0.3930957515625 0.0897647625 0.424215290625 0.07434325625 0.44041450312499997 0.0722013640625 0.452777046875 0.081014528125 0.4826176703125 0.09343729687499999 0.5162949609374999 0.10586025624999999 0.5303626828125 0.12428030937500001 0.538036003125 0.150839665625 0.534199334375
4 0.22555977187499998 0.5939646203125 0.1912897578125 0.587996496875 0.2015707625 0.5982275671874999 0.22770166406249998 0.6033431031250001 0.24954878125 0.6037694296875 0.2726988890625 0.590201884375 0.2448367015625 0.594390915625 0.22555977187499998 0.5939646203125
5 0.316375403125 0.5325781796875 0.317232090625 0.509131959375 0.3082362265625 0.49591681093749995 0.3018105828125 0.5027375875 0.30780789999999997 0.5202156515625 0.3086645859375 0.5419566609375 0.307180815625 0.5860426171875 0.3125199796875 0.5543191890625 0.316375403125 0.5325781796875
1 0.138418771875 0.866926728125 0.1621360671875 0.8766298078125001 0.180582778125 0.8805634984375 0.2135234875 0.8892175953124999 0.257795775 0.887119628125 0.2936351953125 0.8761053171875 0.3265759046875 0.8548634296875001 0.353279878125 0.8281812140625 0.11891784218749998 0.722691696875 0.109958040625 0.7428846015625 0.0986264234375 0.7646509781249999 0.0920382421875 0.7733050859375 0.0912477546875 0.8011030968749999 0.0988899203125 0.822607228125 0.1067956984375 0.837555225 0.11918137656250001 0.849618521875 0.138418771875 0.866926728125
1 0.77080596875 0.8576424859375 0.795281209375 0.8492813265624999 0.8131810375 0.8296508093750001 0.8193911625 0.8151096984375 0.827062525 0.8009320890625 0.829274140625 0.7675861312500001 0.577926234375 0.7983873781249999 0.5932689046874999 0.8241978874999999 0.608611603125 0.84164725 0.6243196156249999 0.8500083953124999 0.6484295953125 0.8583695421875 0.680941515625 0.8714565671875001 0.7229513234375 0.87291069375 0.7404858078125 0.8721836234375001 0.77080596875 0.8576424859375