0 0.34887887812499996 0.5406704109375 0.3575180515625 0.5092746359375 0.3741316578125 0.48349701562499997 0.4070267078125 0.46631195 0.4150012796875 0.44086485 0.41300761250000007 0.422027353125 0.40802351718749996 0.4035203765625 0.3957294515625 0.3807171109375 0.3757930234375 0.37047216875 0.33392663749999996 0.36683687656249997 0.3060156375 0.3863353234375 0.2923924375 0.411451959375 0.286079278125 0.444801353125 0.28441791250000004 0.441166071875 0.2664751265625 0.43290401406249995 0.252187371875 0.432573528125 0.23718723437499997 0.44088590468750005 0.2190440953125 0.4499085359375 0.21764845312499997 0.46031928437499997 0.213461628125 0.4825288515625 0.2050878296875 0.5200075171874999 0.20648351874999998 0.53735876875 0.2218353765625 0.553321928125 0.238582778125 0.5949648734374999 0.24416529374999998 0.629667353125 0.2504456296875 0.6754745796875 0.24653876718749998 0.6751790625 0.32894254218749996 0.6917031437500001 0.3306039078125 0.6646870515625001 0.341901209375 0.640892303125 0.356188940625 0.6177585734375 0.36316665625 0.58834569375 0.36316665625 0.5724825515624999 0.347882021875 0.558932803125 0.34887887812499996 0.5406704109375
4 0.351537053125 0.3492709046875 0.326948853125 0.35422814375 0.3199711609375 0.3631511390625 0.3448916390625 0.3591853703125 0.3598439265625 0.356211028125 0.3704766734375 0.3591853703125 0.3928976296875 0.36528105 0.3801125640625 0.35455861718750004 0.351537053125 0.3492709046875
5 0.4356022171875 0.43046637812500005 0.430950421875 0.4645060109375 0.4362667734375 0.478716696875 0.44955769375 0.47475097499999996 0.4542094890625 0.4506257859375 0.44689951875 0.41790805468750003 0.41455319218750003 0.39325833593750004 0.4272953453125 0.4053497421875 0.4356022171875 0.43046637812500005
2 0.491091871875 0.49756480156249994 0.47447821875 0.47079575625 0.45862415937499995 0.4681164796875 0.443908996875 0.4813711609375 0.4445735984375 0.4992172109375 0.4419154234375 0.528299603125 0.45055455 0.5527553015625 0.46451002812500003 0.5544077109375001 0.48278504531250005 0.547137078125 0.50006320625 0.538214059375 0.4997309515625 0.5137584296875 0.491091871875 0.49756480156249994
3 0.5750412093749999 0.460309028125 0.559601509375 0.4593118546875 0.5365421968749999 0.4575169453125 0.5237092203125 0.4559214640625 0.5126830859375 0.45064139687500004 0.5289226 0.5743856453125 0.54777106875 0.5618212859375 0.5698278171875 0.5534450125 0.5736375953125 0.5400829046875 0.5788509875 0.5167490375 0.580054096875 0.4980021828125 0.5780489421875 0.48045193125 0.579853565625 0.4670898015625 0.5750412093749999 0.460309028125
3 0.6099309484375001 0.559029190625 0.621761346875 0.568203184375 0.6440548671874999 0.45543261562500004 0.62877941875 0.4577163765625 0.6119360765625 0.45991015312499994 0.5940901828125 0.463898859375 0.58747315 0.4764632390625 0.5850670140625 0.4950106703125 0.58586903125 0.51475470625 0.58546799375 0.530908896875 0.58546799375 0.5464647890625 0.593689175 0.5544422 0.6099309484375001 0.559029190625
2 0.7133591640625 0.47471887500000004 0.6984208546875 0.47195905937499993 0.685709221875 0.47945263593750004 0.6702977890625 0.4986130859375 0.6639518921875001 0.520929403125 0.6675781328125 0.5398644406249999 0.6843494171875 0.5522623796875 0.7106395234375 0.5581232421875 0.7208382375 0.5380611109375 0.7215182109375 0.5096585265625 0.7210649265625 0.4900472359375 0.7133591640625 0.47471887500000004
0 0.9553920328125001 0.46514018906250004 0.9545122671874999 0.454931009375 0.934862965625 0.4435550390625 0.916091903125 0.43830461249999997 0.9037744390625001 0.43917969687499997 0.8914570156250001 0.44267998437499995 0.8852983234374999 0.45638946249999995 0.8773800171874999 0.44297167968749995 0.87386070625 0.4216782265625 0.8597836687499999 0.40096817187499995 0.8451200375000001 0.3840501 0.8298699359375 0.37996642187499996 0.80699474375 0.3776328828125 0.7762011640625001 0.3890088421875 0.7603644703125 0.40198947343749997 0.7527394203125 0.4270749078125 0.7489268953125 0.442242834375 0.7503932546875001 0.45857753125 0.7659366515625 0.4781208265625 0.7896916921875 0.49328875781250003 0.7996628671875 0.4984453703125 0.8146197546874999 0.5244058765624999 0.822831396875 0.5489079140625 0.82312469375 0.5669927593749999 0.8105139734375 0.5850776 0.8149130906250001 0.6145383796874999 0.8286967921875 0.634956759375 0.8364957859375 0.654272684375 0.88410186875 0.6595646734375 0.9281178046875 0.65368736875 0.9295841640625 0.6350010125 0.933983240625 0.613124178125 0.9410217796874999 0.58833045625 0.9504064453125001 0.57374589375 0.9594978953125001 0.5606198250000001 0.96800279375 0.54807710625 0.9685893046875 0.5276587265625 0.96800279375 0.5097689 0.9606709999999999 0.48614193749999995 0.9553920328125001 0.46514018906250004
4 0.7617535828124999 0.38046826875 0.8063848015625 0.37025534375 0.827500378125 0.36996365781249996 0.8506688671875 0.37667253437500003 0.84773615 0.36617167031250003 0.8327792625000001 0.3623796875 0.8245676609375 0.36062954375 0.8028655109375 0.36558828593750003 0.7814566765625 0.36879689843749996 0.7617535828124999 0.38046826875
1 0.8016924281250001 0.08951092499999999 0.7858557546875 0.09621981406249999 0.7644469 0.1008868734375 0.7304273375 0.1151797265625 0.717816646875 0.127139065625 0.6909185265625 0.15514139062500001 0.6912118015625001 0.1682675 0.9361241328125001 0.20060692812499997 0.9515544031250001 0.19364461093750002 0.9609390687499999 0.172351178125 0.9550736328125 0.1487242 0.9515544031250001 0.127139065625 0.9339580953125 0.1096376 0.9190012296875001 0.104970546875 0.8949529343749999 0.098261653125 0.8732507843749999 0.09505305 0.8450966671875 0.08951092499999999 0.8016924281250001 0.08951092499999999
1 0.24235699375 0.099596521875 0.22624639218749998 0.1234458296875 0.21987710625 0.1480404109375 0.2202517765625 0.17151706718749998 0.450670740625 0.1368610578125 0.44167876406250006 0.11412968906250001 0.42219623593750005 0.097733309375 0.3836056921875 0.08543600625 0.3577538515625 0.0746293046875 0.3225353375 0.0757472296875 0.29031413281249996 0.08357279375 0.271580865625 0.08618129375 0.24235699375 0.099596521875
5 0.7286792328125 0.48258889531250004 0.7328413234375 0.4627775578125 0.73194945 0.4190152203125 0.7482311828125 0.3988788734375 0.7132199171875 0.42611181875000004 0.71500370625 0.453906809375 0.7286792328125 0.48258889531250004