0 0.767694825 0.3780106328125 0.7487210546874999 0.39497081562499997 0.736717275 0.397180853125 0.71890515 0.39879616093750003 0.6987697859375 0.41131438124999997 0.6852170531249999 0.430697484375 0.6763109640625 0.45856066249999994 0.6774726656250001 0.48440481249999995 0.6875404031250001 0.50782604375 0.7007058828125 0.5280167703124999 0.71658185625 0.5373044874999999 0.7413638640625 0.5478036640624999 0.75956329375 0.5498227359375 0.7909280421875 0.5435735359375 0.8009957796875 0.537920134375 0.8129995046875 0.524190440625 0.8296499265625 0.5088454921875 0.836232721875 0.49673105624999997 0.83816881875 0.47977084531249997 0.851721496875 0.4607915703125 0.8552064390625 0.4741174375 0.8644997265625 0.48744331875 0.8962516718750001 0.48300136250000003 0.9190976375 0.4846166140625 0.9341992687499999 0.4636182671875 0.9589813046875 0.4151605265625 0.9675001140624999 0.38285537187499996 0.96053015 0.35943412656249996 0.948399365625 0.34007143125 0.9379444859375001 0.319476884375 0.9197451093750001 0.27344203437500003 0.918196265625 0.250424609375 0.9073979140624999 0.207653865625 0.8060295125 0.2165881625 0.8009957796875 0.243239965625 0.7831836546875001 0.26413496875 0.7723414156249999 0.2839218625 0.7727286671875 0.30895833125 0.7820218999999999 0.3226880390625 0.787443046875 0.33116811562500004 0.7804730546875 0.3513588859375 0.767694825 0.3780106328125
4 0.7045338953125 0.549969025 0.7227773453124999 0.5640269453125 0.7378789765625 0.5684688999999999 0.775826465625 0.56725746875 0.7843452484375 0.5684688999999999 0.807965609375 0.566046015625 0.80990170625 0.55514301875 0.7928641390625 0.5507010703125 0.768469221875 0.560796428125 0.7359428796875 0.5620078656249999 0.7045338953125 0.549969025
5 0.659477540625 0.5091929125 0.6540348953125 0.48152280000000003 0.6555837953125 0.4371032296875 0.63854609375 0.43831466093750004 0.6428055390625 0.4613320859375 0.6517116015625 0.5017135265625 0.659477540625 0.5091929125
2 0.602534675 0.4283453078125 0.6308017593749999 0.44005590312500004 0.6389333453125 0.43076817187499994 0.636436159375 0.417847384375 0.626929565625 0.391598146875 0.616861803125 0.370599821875 0.6091174140625 0.3479862171875 0.5916925421875 0.3366794015625 0.5758165156249999 0.3435442828125 0.5587788406249999 0.35040908125 0.5552938984375 0.368176903125 0.5781398906249999 0.40492403593750004 0.5847225765624999 0.41340414062499997 0.602534675 0.4283453078125
3 0.513474215625 0.44732459062499996 0.538643421875 0.4529779703125 0.5589552656250001 0.46265787031250005 0.5157975109375 0.32375733281249996 0.502244778125 0.339909903125 0.48365825781250005 0.35525489062500004 0.4852071578125 0.37221510156250004 0.48753045312500004 0.40007825312499995 0.48675605624999996 0.424710971875 0.48056051406250005 0.44530550468749996 0.492951653125 0.44369025312500004 0.513474215625 0.44732459062499996
3 0.45491194999999995 0.3489031609375 0.43448604843750005 0.3309652625 0.419774715625 0.4540988265625 0.4460965859375 0.4469947 0.46695251249999997 0.443855571875 0.47555284999999997 0.4436313453125 0.476197871875 0.42905680156250003 0.47469280156250004 0.413361140625 0.47168266093750005 0.4010288203125 0.4706076453125 0.3889207421875 0.46802752812500004 0.36851636249999997 0.46630746093750003 0.3565267796875 0.45491194999999995 0.3489031609375
2 0.3366943109375 0.44712385 0.3590552765625 0.4368095546875 0.37626064062500003 0.4245999359375 0.38851154062500004 0.41012691874999996 0.395176828125 0.3915163390625 0.3938867703125 0.36550636718749996 0.3792661515625 0.3572100984375 0.3624954109375 0.3554163 0.3502399421875 0.3587796703125 0.3394894234375 0.38120205937499996 0.32809394375 0.416405184375 0.3231487078125 0.44824498437500004 0.3366943109375 0.44712385
5 0.3083130625 0.45095002031250003 0.3072380171875 0.48794694375000003 0.314800084375 0.5364392062500001 0.3164834359375 0.5202351734375 0.320998615625 0.491982971875 0.3225036859375 0.4623854328125 0.3083130625 0.45095002031250003
0 0.023823959375000002 0.4348004796875 0.0323417421875 0.46285162656249995 0.0525155859375 0.4848250390625 0.06775802343750001 0.498383103125 0.0955529625 0.499318121875 0.10451908750000001 0.499318121875 0.10945049375 0.4937079125 0.1098988375 0.4768772171875 0.12379630625 0.4895002296875 0.1300726203125 0.5096035890625 0.1448667765625 0.5437324875 0.15517780781249998 0.5661734171874999 0.196870278125 0.5816015515624999 0.22152712187499998 0.5820690734375 0.2520119984375 0.5703810984375 0.2636679046875 0.558693096875 0.2775654046875 0.5460700828125 0.2865315609375 0.5240966874999999 0.29101462499999997 0.51007108125 0.2847383109375 0.47500711406249996 0.2721857484375 0.4573834703125 0.25963315468750003 0.4442929234375 0.217492340625 0.426059675 0.198663590625 0.3835153953125 0.202698246875 0.34564635625 0.213905903125 0.30029695625 0.1847660578125 0.26663555 0.178041403125 0.22970154531250003 0.1782319078125 0.2040642546875 0.0762758046875 0.2244167921875 0.07403427343749999 0.2426499984375 0.0673096796875 0.27490884531250004 0.053412148437499994 0.313712984375 0.040411367187500005 0.3450367453125 0.020237521875 0.3618674734375 0.012616303125 0.380568221875 0.014409490624999998 0.41750227500000003 0.023823959375000002 0.4348004796875
4 0.2627713109375 0.581485546875 0.22780340312499997 0.5913034546875 0.191042246875 0.593173525 0.1708684640625 0.596913696875 0.1744549640625 0.6076666234375 0.198663590625 0.6076666234375 0.224665309375 0.6076666234375 0.2614263734375 0.590368403125 0.2627713109375 0.581485546875
1 0.20628474687499998 0.9647354859374999 0.2452874046875 0.9722158140625 0.2712891859375 0.9661380546875 0.32060284375000003 0.9455672109375 0.3412249390625 0.9282689749999999 0.3735030328125 0.9002178265625 0.3837824671875 0.87636085625 0.1063124 0.82120706875 0.09062174375 0.8338300656250001 0.08344874375 0.8693615421875001 0.08882836875 0.9048930187499999 0.10227755624999998 0.926866446875 0.1179684 0.94229458125 0.1623506203125 0.9558526281249999 0.1825244640625 0.960527803125 0.20628474687499998 0.9647354859374999
1 0.9177768687500001 0.8583767218749999 0.9177768687500001 0.8368708359375001 0.92405315 0.8125598281249999 0.9074658375 0.7863787171875 0.667760046875 0.8934758046875 0.684209175 0.9102713828125 0.71334914375 0.9228943968750001 0.7568348015625 0.9322447953124999 0.774318771875 0.9397250749999999 0.8101833031250001 0.930842203125 0.8447028984375 0.9214918531249999 0.8774292734375001 0.9079337875 0.8984997124999999 0.8887654640625 0.91239718125 0.8714672437500001 0.9177768687500001 0.8583767218749999