0 0.2168163453125 0.73586503125 0.227658584375 0.7160781375 0.2272713328125 0.69104166875 0.2179781 0.6773119609375 0.212556953125 0.6688318843750001 0.2195269453125 0.6486411140625 0.23230517499999997 0.6219893671875 0.2512789453125 0.605029184375 0.263282725 0.602819146875 0.28109485 0.6012038390625001 0.3012302140625 0.58868561875 0.31478294687499997 0.569302515625 0.3236890359375 0.5414393375000001 0.32252733437500003 0.5155951875 0.312459596875 0.49217395625 0.2992941171875 0.47198322968750006 0.28341814374999996 0.4626955125 0.2586361359375 0.4521963359375 0.24043670625 0.4501772640625 0.2090719578125 0.4564264640625 0.1990042203125 0.462079865625 0.18700049531250001 0.475809559375 0.1703500734375 0.49115450781250003 0.163767278125 0.50326894375 0.16183118125 0.5202291546875 0.148278503125 0.5392084296874999 0.1447935609375 0.5258825625 0.13550027343749999 0.51255668125 0.10374832812499998 0.5169986375 0.0809023625 0.5153833859375 0.06580073125 0.5363817328125 0.0410186953125 0.5848394734375 0.0324998859375 0.6171446281249999 0.03946985 0.6405658734374999 0.051600634374999996 0.65992856875 0.0620555140625 0.680523115625 0.08025489062499999 0.726557965625 0.081803734375 0.749575390625 0.0926020859375 0.792346134375 0.1939704875 0.7834118375 0.1990042203125 0.756760034375 0.2168163453125 0.73586503125
4 0.21565475156249997 0.43153110000000006 0.192034390625 0.433953984375 0.19009829375 0.44485698124999995 0.20713586093749997 0.44929892968749996 0.231530778125 0.439203571875 0.2640571203125 0.43799213437500006 0.2954661046875 0.45003097500000006 0.27722265468749996 0.43597305468750003 0.2621210234375 0.43153110000000006 0.22417353437499998 0.43274253125 0.21565475156249997 0.43153110000000006
5 0.340522459375 0.4908070875 0.34596510468749997 0.5184772 0.3444162046875 0.5628967703125001 0.36145390625 0.5616853390625 0.3571944609375 0.5386679140624999 0.3482883984375 0.4982864734375 0.340522459375 0.4908070875
2 0.4083074578125 0.6633205984375 0.42418348437500003 0.6564557171875001 0.44122115937500006 0.64959091875 0.44470610156249996 0.631823096875 0.421860109375 0.5950759640625 0.4152774234375 0.586595859375 0.397465325 0.5716546921875 0.369198240625 0.559944096875 0.3610666546875 0.5692318281250001 0.363563840625 0.582152615625 0.373070434375 0.608401853125 0.383138196875 0.629400178125 0.39088258593749997 0.6520137828125 0.4083074578125 0.6633205984375
3 0.5163417421875 0.644745109375 0.5147928421875 0.6277848984375 0.512469546875 0.599921746875 0.51324394375 0.575289028125 0.5194394859375 0.5546944953125 0.507048346875 0.556309746875 0.48652578437500005 0.552675409375 0.461356578125 0.5470220296875 0.44104473437499997 0.5373421296875 0.48420248906249996 0.6762426671874999 0.497755221875 0.6600900968750001 0.5163417421875 0.644745109375
3 0.523802128125 0.5709431984375 0.5253071984375 0.586638859375 0.5283173390625 0.5989711796875 0.5293923546875 0.6110792578125 0.531972471875 0.6314836374999999 0.5336925390625 0.6434732203125 0.54508805 0.6510968390625 0.5655139515625 0.6690347375 0.580225284375 0.5459011734375 0.5539034140625 0.5530052999999999 0.5330474875 0.556144428125 0.5244471500000001 0.5563686546875 0.523802128125 0.5709431984375
2 0.6207338484375 0.6427899015625 0.6375045890625 0.6445837 0.6497600578125 0.6412203296875 0.6605105765625 0.618797940625 0.67190605625 0.5835948156249999 0.6768512921875 0.551755015625 0.6633056890625 0.55287615 0.6409447234375001 0.5631904453125001 0.623739359375 0.5754000640625 0.6114884593750001 0.58987308125 0.604823171875 0.6084836609375001 0.6061132296875 0.6344936328124999 0.6207338484375 0.6427899015625
5 0.6916869375 0.5490499796874999 0.6927619828125 0.51205305625 0.6851999156249999 0.46356079375 0.6835165640625 0.47976482656249997 0.679001384375 0.508017028125 0.6774963140625 0.5376145671875 0.6916869375 0.5490499796874999
0 0.9326903203124999 0.7250911546875 0.9465878515625 0.6862870156249999 0.9595886328125 0.6549632546875 0.9797624781250001 0.6381325265625 0.987383696875 0.6194317781249999 0.9855905093749999 0.582497725 0.976176040625 0.5651995203125 0.9676582578125 0.5371483734375 0.9474844140625001 0.5151749609375 0.9322419765625 0.501616896875 0.9044470375 0.500681878125 0.8954809125000001 0.500681878125 0.89054950625 0.5062920875 0.8901011625 0.5231227828125 0.87620369375 0.5104997703125 0.8699273796875 0.49039641093749997 0.8551332234375 0.4562675125 0.8448221921875 0.43382658281250003 0.803129721875 0.4183984484375 0.778472878125 0.4179309265625 0.7479880015625 0.4296189015625 0.7363320953125 0.441306903125 0.7224345953125 0.45392991718750003 0.7134684390625 0.4759033125 0.7089853749999999 0.48992891875 0.7152616890625 0.5249928859375 0.7278142515625 0.5426165296875001 0.7403668453125001 0.5557070765625001 0.782507659375 0.5739403249999999 0.8013364093750001 0.6164846046875 0.797301753125 0.65435364375 0.786094096875 0.69970304375 0.8152339421875 0.7333644500000001 0.821958596875 0.7702984546875 0.8217680921875001 0.7959357453125 0.9237241953125 0.7755832078125 0.9259657265625 0.7573500015625 0.9326903203124999 0.7250911546875
4 0.8089577531250001 0.406826475 0.8291315359375 0.403086303125 0.8255450359375001 0.3923333765625 0.8013364093750001 0.3923333765625 0.775334690625 0.3923333765625 0.7385736265625 0.409631596875 0.7372286890625 0.41851445312499996 0.772196596875 0.4086965453125 0.8089577531250001 0.406826475
1 0.91655125625 0.1306384578125 0.91117163125 0.09510698125 0.89772244375 0.073133553125 0.8820316 0.05770541875 0.8376493796875 0.044147371875 0.8174755359375 0.039472196875 0.793715253125 0.0352645140625 0.7547125953125 0.0277841859375 0.7287108140624999 0.0338619453125 0.6793971562500001 0.0544327890625 0.6587750609375 0.071731025 0.6264969671875 0.0997821734375 0.6162175328124999 0.12363914375 0.8936876 0.17879293125 0.9093782562499999 0.166169934375 0.91655125625 0.1306384578125
1 0.22568122812500002 0.060274925 0.189816696875 0.069157796875 0.1552971015625 0.07850814687499999 0.12257072656250001 0.0920662125 0.1015002875 0.11123453593749999 0.08760281875 0.12853275625 0.08222313125 0.141623278125 0.08222313125 0.1631291640625 0.07594685 0.187440171875 0.09253416249999999 0.2136212828125 0.332239953125 0.10652419531249999 0.315790825 0.0897286171875 0.28665085625 0.077105603125 0.2431651984375 0.0677552046875 0.22568122812500002 0.060274925