0 0.6219893671875 0.767694825 0.605029184375 0.7487210546874999 0.602819146875 0.736717275 0.6012038390625001 0.71890515 0.58868561875 0.6987697859375 0.569302515625 0.6852170531249999 0.5414393375000001 0.6763109640625 0.5155951875 0.6774726656250001 0.49217395625 0.6875404031250001 0.47198322968750006 0.7007058828125 0.4626955125 0.71658185625 0.4521963359375 0.7413638640625 0.4501772640625 0.75956329375 0.4564264640625 0.7909280421875 0.462079865625 0.8009957796875 0.475809559375 0.8129995046875 0.49115450781250003 0.8296499265625 0.50326894375 0.836232721875 0.5202291546875 0.83816881875 0.5392084296874999 0.851721496875 0.5258825625 0.8552064390625 0.51255668125 0.8644997265625 0.5169986375 0.8962516718750001 0.5153833859375 0.9190976375 0.5363817328125 0.9341992687499999 0.5848394734375 0.9589813046875 0.6171446281249999 0.9675001140624999 0.6405658734374999 0.96053015 0.65992856875 0.948399365625 0.680523115625 0.9379444859375001 0.726557965625 0.9197451093750001 0.749575390625 0.918196265625 0.792346134375 0.9073979140624999 0.7834118375 0.8060295125 0.756760034375 0.8009957796875 0.73586503125 0.7831836546875001 0.7160781375 0.7723414156249999 0.69104166875 0.7727286671875 0.6773119609375 0.7820218999999999 0.6688318843750001 0.787443046875 0.6486411140625 0.7804730546875 0.6219893671875 0.767694825
4 0.45003097500000006 0.7045338953125 0.43597305468750003 0.7227773453124999 0.43153110000000006 0.7378789765625 0.43274253125 0.775826465625 0.43153110000000006 0.7843452484375 0.433953984375 0.807965609375 0.44485698124999995 0.80990170625 0.44929892968749996 0.7928641390625 0.439203571875 0.768469221875 0.43799213437500006 0.7359428796875 0.45003097500000006 0.7045338953125
5 0.4908070875 0.659477540625 0.5184772 0.6540348953125 0.5628967703125001 0.6555837953125 0.5616853390625 0.63854609375 0.5386679140624999 0.6428055390625 0.4982864734375 0.6517116015625 0.4908070875 0.659477540625
2 0.5716546921875 0.602534675 0.559944096875 0.6308017593749999 0.5692318281250001 0.6389333453125 0.582152615625 0.636436159375 0.608401853125 0.626929565625 0.629400178125 0.616861803125 0.6520137828125 0.6091174140625 0.6633205984375 0.5916925421875 0.6564557171875001 0.5758165156249999 0.64959091875 0.5587788406249999 0.631823096875 0.5552938984375 0.5950759640625 0.5781398906249999 0.586595859375 0.5847225765624999 0.5716546921875 0.602534675
3 0.552675409375 0.513474215625 0.5470220296875 0.538643421875 0.5373421296875 0.5589552656250001 0.6762426671874999 0.5157975109375 0.6600900968750001 0.502244778125 0.644745109375 0.48365825781250005 0.6277848984375 0.4852071578125 0.599921746875 0.48753045312500004 0.575289028125 0.48675605624999996 0.5546944953125 0.48056051406250005 0.556309746875 0.492951653125 0.552675409375 0.513474215625
3 0.6510968390625 0.45491194999999995 0.6690347375 0.43448604843750005 0.5459011734375 0.419774715625 0.5530052999999999 0.4460965859375 0.556144428125 0.46695251249999997 0.5563686546875 0.47555284999999997 0.5709431984375 0.476197871875 0.586638859375 0.47469280156250004 0.5989711796875 0.47168266093750005 0.6110792578125 0.4706076453125 0.6314836374999999 0.46802752812500004 0.6434732203125 0.46630746093750003 0.6510968390625 0.45491194999999995
2 0.55287615 0.3366943109375 0.5631904453125001 0.3590552765625 0.5754000640625 0.37626064062500003 0.58987308125 0.38851154062500004 0.6084836609375001 0.395176828125 0.6344936328124999 0.3938867703125 0.6427899015625 0.3792661515625 0.6445837 0.3624954109375 0.6412203296875 0.3502399421875 0.618797940625 0.3394894234375 0.5835948156249999 0.32809394375 0.551755015625 0.3231487078125 0.55287615 0.3366943109375
5 0.5490499796874999 0.3083130625 0.51205305625 0.3072380171875 0.46356079375 0.314800084375 0.47976482656249997 0.3164834359375 0.508017028125 0.320998615625 0.5376145671875 0.3225036859375 0.5490499796874999 0.3083130625
0 0.5651995203125 0.023823959375000002 0.5371483734375 0.0323417421875 0.5151749609375 0.0525155859375 0.501616896875 0.06775802343750001 0.500681878125 0.0955529625 0.500681878125 0.10451908750000001 0.5062920875 0.10945049375 0.5231227828125 0.1098988375 0.5104997703125 0.12379630625 0.49039641093749997 0.1300726203125 0.4562675125 0.1448667765625 0.43382658281250003 0.15517780781249998 0.4183984484375 0.196870278125 0.4179309265625 0.22152712187499998 0.4296189015625 0.2520119984375 0.441306903125 0.2636679046875 0.45392991718750003 0.2775654046875 0.4759033125 0.2865315609375 0.48992891875 0.29101462499999997 0.5249928859375 0.2847383109375 0.5426165296875001 0.2721857484375 0.5557070765625001 0.25963315468750003 0.5739403249999999 0.217492340625 0.6164846046875 0.198663590625 0.65435364375 0.202698246875 0.69970304375 0.213905903125 0.7333644500000001 0.1847660578125 0.7702984546875 0.178041403125 0.7959357453125 0.1782319078125 0.7755832078125 0.0762758046875 0.7573500015625 0.07403427343749999 0.7250911546875 0.0673096796875 0.6862870156249999 0.053412148437499994 0.6549632546875 0.040411367187500005 0.6381325265625 0.020237521875 0.6194317781249999 0.012616303125 0.582497725 0.014409490624999998 0.5651995203125 0.023823959375000002
4 0.41851445312499996 0.2627713109375 0.4086965453125 0.22780340312499997 0.406826475 0.191042246875 0.403086303125 0.1708684640625 0.3923333765625 0.1744549640625 0.3923333765625 0.198663590625 0.3923333765625 0.224665309375 0.409631596875 0.2614263734375 0.41851445312499996 0.2627713109375
1 0.0352645140625 0.20628474687499998 0.0277841859375 0.2452874046875 0.0338619453125 0.2712891859375 0.0544327890625 0.32060284375000003 0.071731025 0.3412249390625 0.0997821734375 0.3735030328125 0.12363914375 0.3837824671875 0.17879293125 0.1063124 0.166169934375 0.09062174375 0.1306384578125 0.08344874375 0.09510698125 0.08882836875 0.073133553125 0.10227755624999998 0.05770541875 0.1179684 0.044147371875 0.1623506203125 0.039472196875 0.1825244640625 0.0352645140625 0.20628474687499998
1 0.141623278125 0.9177768687500001 0.1631291640625 0.9177768687500001 0.187440171875 0.92405315 0.2136212828125 0.9074658375 0.10652419531249999 0.667760046875 0.0897286171875 0.684209175 0.077105603125 0.71334914375 0.0677552046875 0.7568348015625 0.060274925 0.774318771875 0.069157796875 0.8101833031250001 0.07850814687499999 0.8447028984375 0.0920662125 0.8774292734375001 0.11123453593749999 0.8984997124999999 0.12853275625 0.91239718125 0.141623278125 0.9177768687500001