0 0.17934685 0.9159499109375 0.175714134375 0.8948485390625001 0.17480591406249998 0.86676290625 0.176319559375 0.8349039250000001 0.18328231875 0.796011165625 0.1926669875 0.7778059890625 0.1972079234375 0.7571183765625 0.2141607328125 0.7430507703125 0.24140630624999998 0.73436195625 0.262597425 0.7215356125 0.2728901875 0.6942279046875 0.27137654218749996 0.6491288234375 0.2644137828125 0.62513115 0.2498827109375 0.5994784625 0.22142624687499998 0.5845833546875 0.18449329375 0.5920309078125 0.1651186171875 0.6152010796875 0.1548257703125 0.6371299968749999 0.15391755000000001 0.6828700328124999 0.1206174171875 0.6985926359375 0.100031828125 0.6907313296875001 0.0876199328125 0.683283784375 0.0815653515625 0.6708711984375 0.0676398109375 0.6659061609375 0.061282475 0.672112453125 0.047659625 0.6899038281250001 0.0446323765625 0.7023164203125 0.040696865625 0.717211534375 0.034036859375 0.7457604890625 0.0349450390625 0.782998271875 0.0349450390625 0.8036859140624999 0.044329621875 0.8268560781250001 0.053108803125000006 0.8516812781249999 0.0646124984375 0.8839540015624999 0.0696274046875 0.9117204937500001 0.17601684687500002 0.95318769375 0.1769250671875 0.9325000515624999 0.17934685 0.9159499109375
4 0.17420048906250002 0.5624182328125 0.169659553125 0.5702795296875001 0.1778332046875 0.5764858375 0.20538153124999997 0.5694520421875 0.23171900937499998 0.57152080625 0.250659375 0.5647670421875 0.229599940625 0.5624182328125 0.21083068906250002 0.5624182328125 0.1899424078125 0.5624182328125 0.17420048906250002 0.5624182328125
5 0.28499935 0.737319928125 0.29801673281249996 0.7484912671874999 0.301952159375 0.7319411390624999 0.301952159375 0.70546095 0.29862215625 0.669464440625 0.287696509375 0.62961373125 0.29256757499999997 0.6640856375 0.29256757499999997 0.68560078125 0.29226486406249996 0.7158047703125 0.28499935 0.737319928125
2 0.3273506703125 0.8552064250000001 0.3355243625 0.8552064250000001 0.3667054265625 0.8643090000000001 0.3794200984375 0.8576889781249999 0.37851191875 0.8432075984375 0.3673109359375 0.8150724046875 0.3403680328125 0.7790758953125 0.31281966250000004 0.7563194609375 0.30222410312500003 0.749699409375 0.301542165625 0.758833775 0.3016187 0.7815584046875 0.3082787265625 0.82045119375 0.314938775 0.83907005625 0.3273506703125 0.8552064250000001
3 0.45903783125000003 0.892444209375 0.459340628125 0.8585164375 0.459340628125 0.8365875624999999 0.46327609687500004 0.811348634375 0.454194140625 0.8047285828125 0.432700353125 0.8005910546875 0.41120660625000005 0.787350953125 0.393269646875 0.7787137828125 0.4136284734375 0.89616795 0.43845230625 0.887065434375 0.45903783125000003 0.892444209375
3 0.46360448906249996 0.8313750859375 0.46360448906249996 0.8421308921874999 0.46530603125000003 0.8546308859374999 0.467220253125 0.8674215609375 0.46700757187499997 0.8861185125000001 0.47338837500000003 0.89164175625 0.48912769999999994 0.8922231999999999 0.5176286296875 0.8974557015625001 0.5255802796875 0.7902137515625001 0.51294936875 0.794165825 0.48444840781250004 0.80463093125 0.47296295156249996 0.8124797640624999 0.46360448906249996 0.8313750859375
2 0.5623900265625 0.8643655328125 0.56305760625 0.875085996875 0.5710683000000001 0.8810164734375 0.5932646109374999 0.8839817375000001 0.6177974078124999 0.884666 0.6283114234375 0.8707522078125001 0.6379910609375 0.8488550515625001 0.6434984125 0.8130440859375 0.6441659578125 0.77860170625 0.643832196875 0.7635474140625 0.6294797015625 0.768109325 0.6066158015625 0.7820231390625 0.5858531124999999 0.796958090625 0.5750736375 0.810078846875 0.56672918125 0.82901075625 0.5633913890625 0.8458898203125 0.5623900265625 0.8643655328125
5 0.64149575625 0.7408729187499999 0.64917266875 0.7584362546875 0.6585184984375 0.76071720625 0.654513115625 0.7208005171874999 0.65835161875 0.6922886125 0.6636920671875 0.6605833703124999 0.6635177140625 0.6510920578125 0.645167309375 0.6934290890625 0.64149575625 0.7169229015624999 0.64149575625 0.7408729187499999
4 0.7355518515624999 0.6138327609374999 0.756243846875 0.6143377625 0.7747188390625 0.6231754515625 0.7846953703125 0.6241854874999999 0.781000371875 0.6100451578125 0.755689603125 0.6019649874999999 0.7383231 0.598429903125 0.7083324046875 0.60782433125 0.6871473296875 0.62267045 0.716707328125 0.6123177140625 0.7355518515624999 0.6138327609374999
0 0.8856582953125001 0.8992007640624999 0.8954500609375 0.8764752375 0.90561128125 0.8570322765625 0.90986055 0.8277416078125001 0.9137402874999999 0.7911282859375001 0.9096758093749999 0.769160278125 0.9069045609374999 0.7555046578125 0.900623028125 0.7337891671875 0.8928635515625001 0.720658865625 0.8838107953125001 0.7103061125 0.8714325468749999 0.709548603125 0.8655147015625 0.714346215625 0.855538221875 0.7224263859375 0.8448227062500001 0.7315166109375 0.834947353125 0.7375767515625 0.8279268359374999 0.7380817625 0.8172113718749999 0.7365667328125001 0.8024313515625 0.7269715078125001 0.79227008125 0.714598725 0.790607346875 0.6908631703125 0.787281853125 0.6736927953125 0.784325865625 0.6582899375 0.7715781109375001 0.6428870843750001 0.7567981171875 0.628746753125 0.74164861875 0.62445415625 0.7263143546874999 0.6247066671875 0.7107953515625 0.6297567765625 0.6926898265625 0.6418770515625 0.686038853125 0.6512197734375 0.6797573328125 0.6651075843750001 0.67292160625 0.696418309375 0.671813078125 0.716366253125 0.6743996 0.7291733546875 0.6817895968750001 0.75619148125 0.6976781062499999 0.7683117546875 0.7320415671875 0.7753819234375 0.7475605953125 0.7958348953125001 0.7549506187499999 0.8172978859375 0.7665898578125 0.8544162328124999 0.7744516765625 0.8834031 0.7711132953125001 0.9307639890624999 0.88067006875 0.931268990625 0.8856582953125001 0.8992007640624999
1 0.8966641390625 0.2678339046875 0.8793817531249999 0.23174694687500003 0.8539382812499999 0.199596796875 0.8347357093750001 0.178600734375 0.7795281859375 0.1641659734375 0.7272010578125 0.150387346875 0.702717696875 0.150387346875 0.6715134625 0.166134378125 0.63742883125 0.1943477640625 0.62494713125 0.2173121859375 0.5989427609375 0.2688448859375 0.89714424375 0.32163625156250003 0.8981043203124999 0.300640165625 0.8966641390625 0.2678339046875
1 0.3754120890625 0.1949966453125 0.3495460984375 0.1561093484375 0.322571628125 0.12025221875 0.2856202875 0.1010610609375 0.24940793125 0.0960107625 0.2143041828125 0.108131490625 0.17735278906250002 0.11419186249999999 0.1344892265625 0.133383003125 0.09975491875 0.157624440625 0.0864524046875 0.1732803578125 0.069824353125 0.2101475609375 0.060905079687499995 0.24737680312500002 0.39573537812500004 0.26014553125 0.386497490625 0.23034879218749998 0.3754120890625 0.1949966453125