0 0.7571183765625 0.8027920765625 0.7430507703125 0.7858392671875001 0.73436195625 0.75859369375 0.7215356125 0.7374025750000001 0.6942279046875 0.7271098125 0.6491288234375 0.7286234578124999 0.62513115 0.7355862171875 0.5994784625 0.7501172890625 0.5845833546875 0.778573753125 0.5920309078125 0.8155067062500001 0.6152010796875 0.8348813828124999 0.6371299968749999 0.8451742296875 0.6828700328124999 0.8460824499999999 0.6985926359375 0.8793825828124999 0.6907313296875001 0.8999681718750001 0.683283784375 0.9123800671875 0.6708711984375 0.9184346484375 0.6659061609375 0.9323601890625 0.672112453125 0.938717525 0.6899038281250001 0.952340375 0.7023164203125 0.9553676234375 0.717211534375 0.959303134375 0.7457604890625 0.965963140625 0.782998271875 0.9650549609375 0.8036859140624999 0.9650549609375 0.8268560781250001 0.955670378125 0.8516812781249999 0.946891196875 0.8839540015624999 0.9353875015625001 0.9117204937500001 0.9303725953124999 0.95318769375 0.8239831531249999 0.9325000515624999 0.8230749328125 0.9159499109375 0.82065315 0.8948485390625001 0.8242858656250001 0.86676290625 0.8251940859375001 0.8349039250000001 0.823680440625 0.796011165625 0.8167176812499999 0.7778059890625 0.8073330125 0.7571183765625 0.8027920765625
4 0.5624182328125 0.770400059375 0.5624182328125 0.7891693109375 0.5624182328125 0.8100575921875001 0.5624182328125 0.8257995109375 0.5702795296875001 0.830340446875 0.5764858375 0.8221667953124999 0.5694520421875 0.79461846875 0.57152080625 0.768280990625 0.5647670421875 0.749340625 0.5624182328125 0.770400059375
5 0.6640856375 0.707432425 0.68560078125 0.707432425 0.7158047703125 0.7077351359375 0.737319928125 0.71500065 0.7484912671874999 0.7019832671875 0.7319411390624999 0.6980478406249999 0.70546095 0.6980478406249999 0.669464440625 0.70137784375 0.62961373125 0.712303490625 0.6640856375 0.707432425
2 0.7790758953125 0.6596319671875001 0.7563194609375 0.6871803375 0.749699409375 0.697775896875 0.758833775 0.698457834375 0.7815584046875 0.6983813 0.82045119375 0.6917212734375 0.83907005625 0.685061225 0.8552064250000001 0.6726493296875 0.8552064250000001 0.6644756375 0.8643090000000001 0.6332945734375001 0.8576889781249999 0.6205799015625 0.8432075984375 0.62148808125 0.8150724046875 0.6326890640625 0.7790758953125 0.6596319671875001
3 0.787350953125 0.58879339375 0.7787137828125 0.606730353125 0.89616795 0.5863715265625 0.887065434375 0.56154769375 0.892444209375 0.5409621687499999 0.8585164375 0.540659371875 0.8365875624999999 0.540659371875 0.811348634375 0.536723903125 0.8047285828125 0.5458058593749999 0.8005910546875 0.567299646875 0.787350953125 0.58879339375
3 0.8922231999999999 0.5108723000000001 0.8974557015625001 0.4823713703125 0.7902137515625001 0.4744197203125 0.794165825 0.48705063125 0.80463093125 0.5155515921875 0.8124797640624999 0.5270370484375 0.8313750859375 0.5363955109375 0.8421308921874999 0.5363955109375 0.8546308859374999 0.53469396875 0.8674215609375 0.532779746875 0.8861185125000001 0.532992428125 0.89164175625 0.5266116249999999 0.8922231999999999 0.5108723000000001
2 0.8488550515625001 0.3620089390625 0.8130440859375 0.3565015875 0.77860170625 0.35583404218750003 0.7635474140625 0.356167803125 0.768109325 0.3705202984375 0.7820231390625 0.3933841984375 0.796958090625 0.4141468875 0.810078846875 0.42492636250000004 0.82901075625 0.43327081874999995 0.8458898203125 0.4366086109375 0.8643655328125 0.43760997343749997 0.875085996875 0.43694239375 0.8810164734375 0.42893169999999997 0.8839817375000001 0.4067353890625 0.884666 0.38220259218749997 0.8707522078125001 0.3716885765625 0.8488550515625001 0.3620089390625
5 0.6510920578125 0.33648228593749996 0.6934290890625 0.354832690625 0.7169229015624999 0.35850424375 0.7408729187499999 0.35850424375 0.7584362546875 0.35082733125 0.76071720625 0.3414815015625 0.7208005171874999 0.34548688437499997 0.6922886125 0.34164838125 0.6605833703124999 0.3363079328125 0.6510920578125 0.33648228593749996
4 0.598429903125 0.2616769 0.60782433125 0.29166759531249997 0.62267045 0.31285267031249997 0.6123177140625 0.283292671875 0.6138327609374999 0.2644481484375 0.6143377625 0.243756153125 0.6231754515625 0.2252811609375 0.6241854874999999 0.2153046296875 0.6100451578125 0.218999628125 0.6019649874999999 0.244310396875 0.598429903125 0.2616769
0 0.7555046578125 0.0930954390625 0.7337891671875 0.099376971875 0.720658865625 0.1071364484375 0.7103061125 0.1161892046875 0.709548603125 0.128567453125 0.714346215625 0.13448529843749998 0.7224263859375 0.144461778125 0.7315166109375 0.15517729375 0.7375767515625 0.16505264687500001 0.7380817625 0.1720731640625 0.7365667328125001 0.18278862812500002 0.7269715078125001 0.1975686484375 0.714598725 0.20772991875 0.6908631703125 0.20939265312500002 0.6736927953125 0.21271814687499999 0.6582899375 0.215674134375 0.6428870843750001 0.2284218890625 0.628746753125 0.2432018828125 0.62445415625 0.25835138125 0.6247066671875 0.2736856453125 0.6297567765625 0.2892046484375 0.6418770515625 0.3073101734375 0.6512197734375 0.313961146875 0.6651075843750001 0.3202426671875 0.696418309375 0.32707839375000003 0.716366253125 0.328186921875 0.7291733546875 0.3256004 0.75619148125 0.31821040312500004 0.7683117546875 0.30232189374999996 0.7753819234375 0.2679584328125 0.7958348953125001 0.2524394046875 0.8172978859375 0.24504938125 0.8544162328124999 0.23341014218749997 0.8834031 0.22554832343750003 0.9307639890624999 0.2288867046875 0.931268990625 0.11932993125 0.8992007640624999 0.1143417046875 0.8764752375 0.10454993906250001 0.8570322765625 0.09438871875 0.8277416078125001 0.09013945 0.7911282859375001 0.0862597125 0.769160278125 0.090324190625 0.7555046578125 0.0930954390625
1 0.150387346875 0.297282303125 0.166134378125 0.3284865375 0.1943477640625 0.36257116875 0.2173121859375 0.37505286875 0.2688448859375 0.40105723906249996 0.32163625156250003 0.10285575625000001 0.300640165625 0.10189567968749999 0.2678339046875 0.1033358609375 0.23174694687500003 0.120618246875 0.199596796875 0.14606171875 0.178600734375 0.165264290625 0.1641659734375 0.2204718140625 0.150387346875 0.2727989421875 0.150387346875 0.297282303125
1 0.11419186249999999 0.8226472109375 0.133383003125 0.8655107734374999 0.157624440625 0.9002450812499999 0.1732803578125 0.9135475953125001 0.2101475609375 0.930175646875 0.24737680312500002 0.9390949203125001 0.26014553125 0.604264621875 0.23034879218749998 0.6135025093750001 0.1949966453125 0.6245879109375 0.1561093484375 0.6504539015625 0.12025221875 0.6774283718749999 0.1010610609375 0.7143797125 0.0960107625 0.75059206875 0.108131490625 0.7856958171875 0.11419186249999999 0.8226472109375