0 0.24288162343750003 0.1972079234375 0.2569492296875 0.2141607328125 0.26563804375 0.24140630624999998 0.2784643875 0.262597425 0.3057720953125 0.2728901875 0.3508711765625 0.27137654218749996 0.37486885000000003 0.2644137828125 0.40052153749999997 0.2498827109375 0.4154166453125 0.22142624687499998 0.4079690921875 0.18449329375 0.3847989203125 0.1651186171875 0.362870003125 0.1548257703125 0.3171299671875 0.15391755000000001 0.3014073640625 0.1206174171875 0.3092686703125 0.100031828125 0.31671621562499996 0.0876199328125 0.3291288015625 0.0815653515625 0.3340938390625 0.0676398109375 0.327887546875 0.061282475 0.310096171875 0.047659625 0.29768357968750003 0.0446323765625 0.28278846562500004 0.040696865625 0.2542395109375 0.034036859375 0.217001728125 0.0349450390625 0.1963140859375 0.0349450390625 0.173143921875 0.044329621875 0.148318721875 0.053108803125000006 0.1160459984375 0.0646124984375 0.08827950625 0.0696274046875 0.046812306250000005 0.17601684687500002 0.0674999484375 0.1769250671875 0.0840500890625 0.17934685 0.10515146093750001 0.175714134375 0.13323709374999998 0.17480591406249998 0.165096075 0.176319559375 0.20398883437499998 0.18328231875 0.22219401093750002 0.1926669875 0.24288162343750003 0.1972079234375
4 0.43758176718749997 0.229599940625 0.43758176718749997 0.21083068906250002 0.43758176718749997 0.1899424078125 0.43758176718749997 0.17420048906250002 0.4297204703125 0.169659553125 0.42351416249999996 0.1778332046875 0.43054795781250005 0.20538153124999997 0.42847919375 0.23171900937499998 0.43523295781250004 0.250659375 0.43758176718749997 0.229599940625
5 0.3359143625 0.29256757499999997 0.31439921875 0.29256757499999997 0.2841952296875 0.29226486406249996 0.26268007187500003 0.28499935 0.25150873281249997 0.29801673281249996 0.2680588609375 0.301952159375 0.29453904999999997 0.301952159375 0.330535559375 0.29862215625 0.37038626875 0.287696509375 0.3359143625 0.29256757499999997
2 0.22092410468749998 0.3403680328125 0.2436805390625 0.31281966250000004 0.250300590625 0.30222410312500003 0.241166225 0.301542165625 0.2184415953125 0.3016187 0.17954880625 0.3082787265625 0.16092994375 0.314938775 0.144793575 0.3273506703125 0.144793575 0.3355243625 0.135691 0.3667054265625 0.142311021875 0.3794200984375 0.15679240156250002 0.37851191875 0.1849275953125 0.3673109359375 0.22092410468749998 0.3403680328125
3 0.21264904687500003 0.41120660625000005 0.2212862171875 0.393269646875 0.10383205 0.4136284734375 0.112934565625 0.43845230625 0.10755579062500001 0.45903783125000003 0.1414835625 0.459340628125 0.1634124375 0.459340628125 0.188651365625 0.46327609687500004 0.19527141718750002 0.454194140625 0.1994089453125 0.432700353125 0.21264904687500003 0.41120660625000005
3 0.1077768 0.48912769999999994 0.10254429843749999 0.5176286296875 0.2097862484375 0.5255802796875 0.20583417499999998 0.51294936875 0.19536906874999999 0.48444840781250004 0.1875202359375 0.47296295156249996 0.1686249140625 0.46360448906249996 0.15786910781250002 0.46360448906249996 0.1453691140625 0.46530603125000003 0.1325784390625 0.467220253125 0.1138814875 0.46700757187499997 0.10835824375 0.47338837500000003 0.1077768 0.48912769999999994
2 0.15114494843749998 0.6379910609375 0.1869559140625 0.6434984125 0.22139829375 0.6441659578125 0.23645258593750001 0.643832196875 0.231890675 0.6294797015625 0.2179768609375 0.6066158015625 0.203041909375 0.5858531124999999 0.189921153125 0.5750736375 0.17098924375 0.56672918125 0.15411017968750002 0.5633913890625 0.1356344671875 0.5623900265625 0.124914003125 0.56305760625 0.1189835265625 0.5710683000000001 0.1160182625 0.5932646109374999 0.115334 0.6177974078124999 0.1292477921875 0.6283114234375 0.15114494843749998 0.6379910609375
5 0.3489079421875 0.6635177140625 0.3065709109375 0.645167309375 0.2830770984375 0.64149575625 0.25912708125 0.64149575625 0.2415637453125 0.64917266875 0.23928279375 0.6585184984375 0.2791994828125 0.654513115625 0.30771138750000004 0.65835161875 0.33941662968749997 0.6636920671875 0.3489079421875 0.6635177140625
4 0.401570096875 0.7383231 0.39217566875 0.7083324046875 0.37732955 0.6871473296875 0.3876822859375 0.716707328125 0.3861672390625 0.7355518515624999 0.3856622375 0.756243846875 0.3768245484375 0.7747188390625 0.3758145125 0.7846953703125 0.3899548421875 0.781000371875 0.3980350125 0.755689603125 0.401570096875 0.7383231
0 0.24449534218750002 0.9069045609374999 0.2662108328125 0.900623028125 0.27934113437499997 0.8928635515625001 0.2896938875 0.8838107953125001 0.290451396875 0.8714325468749999 0.285653784375 0.8655147015625 0.2775736140625 0.855538221875 0.2684833890625 0.8448227062500001 0.2624232484375 0.834947353125 0.2619182375 0.8279268359374999 0.26343326718750004 0.8172113718749999 0.2730284921875 0.8024313515625 0.285401275 0.79227008125 0.3091368296875 0.790607346875 0.3263072046875 0.787281853125 0.34171006249999997 0.784325865625 0.357112915625 0.7715781109375001 0.371253246875 0.7567981171875 0.37554584375 0.74164861875 0.3752933328125 0.7263143546874999 0.3702432234375 0.7107953515625 0.35812294843750003 0.6926898265625 0.3487802265625 0.686038853125 0.334892415625 0.6797573328125 0.303581690625 0.67292160625 0.283633746875 0.671813078125 0.2708266453125 0.6743996 0.24380851875 0.6817895968750001 0.23168824531249999 0.6976781062499999 0.22461807656250002 0.7320415671875 0.20416510468750002 0.7475605953125 0.1827021140625 0.7549506187499999 0.1455837671875 0.7665898578125 0.1165969 0.7744516765625 0.06923601093750001 0.7711132953125001 0.068731009375 0.88067006875 0.1007992359375 0.8856582953125001 0.1235247625 0.8954500609375 0.1429677234375 0.90561128125 0.1722583921875 0.90986055 0.2088717140625 0.9137402874999999 0.23083972187500001 0.9096758093749999 0.24449534218750002 0.9069045609374999
1 0.8496126531250001 0.702717696875 0.833865621875 0.6715134625 0.8056522359375 0.63742883125 0.7826878140625 0.62494713125 0.7311551140625 0.5989427609375 0.6783637484375 0.89714424375 0.6993598343749999 0.8981043203124999 0.7321660953125 0.8966641390625 0.768253053125 0.8793817531249999 0.800403203125 0.8539382812499999 0.821399265625 0.8347357093750001 0.8358340265624999 0.7795281859375 0.8496126531250001 0.7272010578125 0.8496126531250001 0.702717696875
1 0.8858081375 0.17735278906250002 0.8666169968749999 0.1344892265625 0.842375559375 0.09975491875 0.8267196421874999 0.0864524046875 0.7898524390625 0.069824353125 0.752623196875 0.060905079687499995 0.73985446875 0.39573537812500004 0.7696512078125 0.386497490625 0.8050033546875 0.3754120890625 0.8438906515625 0.3495460984375 0.8797477812500001 0.322571628125 0.8989389390625 0.2856202875 0.9039892375 0.24940793125 0.891868509375 0.2143041828125 0.8858081375 0.17735278906250002