0 0.20182081875 0.9194584453125 0.198581878125 0.8954441203125001 0.202409696875 0.8787511796875 0.2044707796875 0.8696726265624999 0.2112430265625 0.8512225750000001 0.20358749375000001 0.8415582578125 0.20653194375 0.829796128125 0.2106541703125 0.8098818281250001 0.216248621875 0.7908460749999999 0.2253764015625 0.770638853125 0.2342097109375 0.765074559375 0.266598746875 0.7530673875 0.2745486890625 0.7404745015625 0.2827931828125 0.7264173265625 0.28603214375 0.706210115625 0.26807093125 0.6848314875 0.256587640625 0.668431459375 0.2448097984375 0.658474278125 0.22802642343750001 0.653202846875 0.20093747187500002 0.6555457109375 0.173259621875 0.672824325 0.16707627187500002 0.6900614328125 0.1661929453125 0.6967971656249999 0.16530961718749998 0.721397234375 0.15412069374999998 0.7295972484375 0.1370428703125 0.7372115546875 0.1240872515625 0.7334043953125 0.11584277812499999 0.730768675 0.0999427703125 0.72637581875 0.09287609375 0.7257900953124999 0.08345384375 0.736040121875 0.08050939375 0.754783034375 0.07668159687500001 0.791699484375 0.078153821875 0.809856675 0.0887538671875 0.8227424265625001 0.1002372203125 0.8461710625000001 0.107598325 0.8646211140625001 0.11519248124999999 0.88017913125 0.1167261453125 0.8974940921875 0.12025947343750001 0.9226798640625 0.20182081875 0.9194584453125
4 0.17208184531249998 0.6408753265625 0.1723762734375 0.6499539203125 0.1921041203125 0.6440967453125 0.2230208078125 0.6429252984375 0.2542369671875 0.6483387484375001 0.230676403125 0.6399967203125 0.2044707796875 0.6376538875 0.18739297500000002 0.638239590625 0.17208184531249998 0.6408753265625
1 0.308115440625 0.3679036296875 0.2851487765625 0.354139303125 0.2501098 0.34096070312500004 0.21889864375 0.3389106953125 0.186509628125 0.3435964234375 0.15706514375 0.35091786875 0.13792619687500002 0.3652678984375 0.0969983203125 0.3848893875 0.07756494375 0.3945537 0.0616648953125 0.4115394421875 0.0548926671875 0.43906808750000004 0.0540093203125 0.4563467125 0.3446267234375 0.401875134375 0.331671165625 0.3881108109375 0.308115440625 0.3679036296875
0 0.8000031796875 0.81662310625 0.8210213546875 0.791820771875 0.8203088171875 0.7638295625 0.8167464265625 0.725917465625 0.812827865625 0.7067842484375 0.779341371875 0.69969785 0.7572544390625 0.715642215625 0.7351677046875 0.7106817453125001 0.726974165625 0.701823790625 0.7312489953125 0.6741869046875 0.7255492390625 0.6589511921875 0.7070247968750001 0.6458413859375 0.6831567671875 0.6380463765625 0.658576225 0.6408809343749999 0.6382705625 0.650093225 0.6211710953125 0.6756041749999999 0.610127678125 0.6894226125 0.6136900703125 0.7171318484375 0.6279396578124999 0.737328028125 0.6372018296874999 0.7444144140625 0.674250715625 0.7571698796875 0.688500353125 0.7777203859374999 0.6974063312500001 0.8191756953124999 0.703818625 0.8585050875 0.7059565515624999 0.8792528765625001 0.7857536656249999 0.86960838125 0.7932346671875 0.8373653624999999 0.8000031796875 0.81662310625
4 0.6799638109374999 0.6292191125000001 0.69193585 0.6308577515625 0.699404653125 0.6330426203124999 0.7091799734374999 0.6330426203124999 0.7156602703125 0.6272527296875 0.7115963359374999 0.621135115625 0.7020406890625 0.6263787875 0.6732638734374999 0.625395596875 0.6585459546875 0.626925003125 0.6437181921875 0.6331518609375 0.625562584375 0.63988875625 0.6333936734375001 0.640034178125 0.663049190625 0.630530025 0.6799638109374999 0.6292191125000001
1 0.802437259375 0.380478471875 0.7830236203125 0.365192209375 0.7547120375 0.354196825 0.73448946875 0.3450786734375 0.7118402546875 0.33569236562500004 0.6991673859375 0.3316696515625 0.674900421875 0.328719675 0.6382302078125 0.32496515000000004 0.60749194375 0.3338151140625 0.5840338 0.3461514 0.5611148921875 0.36304677500000004 0.5457384703125 0.384163509375 0.8215743609375 0.43277364531250007 0.818345590625 0.405687446875 0.802437259375 0.380478471875
5 0.301579715625 0.7442153671875 0.30690289375 0.7371560640625 0.30668110625 0.7278907171875 0.3053503234375 0.6992122453125 0.297587353125 0.6769312734375 0.2858527 0.6693294562500001 0.2902679703125 0.680240325 0.29470395312500003 0.698550434375 0.30002713124999997 0.72105200625 0.301579715625 0.7442153671875
2 0.31022988125 0.8145261734375 0.3213198546875 0.8187176375 0.33529319687500003 0.8127613359374999 0.3497101734375 0.8008487499999999 0.3625745359375 0.7942306375 0.3725554671875 0.7878331234375 0.372111925 0.7761411500000001 0.36213093125 0.766655175 0.3525935734375 0.7631255234375 0.336845828125 0.75408076875 0.3222070640625 0.7490069015625 0.3106734859375 0.745256628125 0.3041123265625 0.7508451453125 0.3029104984375 0.7706260390625 0.3026887125 0.7862889078124999 0.30623750156249996 0.8015105546875001 0.31022988125 0.8145261734375
3 0.4217949515625 0.8147538453125 0.43643371562500005 0.8116653765624999 0.446636465625 0.80416484375 0.4455274703125 0.7933552828125 0.443087690625 0.7781336359375 0.4457492875 0.7596029328125 0.43887346406249994 0.7576175 0.41735896875 0.7516611953125001 0.4000586078125 0.7490139546875 0.3918599796875 0.7455453640624999 0.394735446875 0.811224178125 0.408265184375 0.81320960625 0.4217949515625 0.8147538453125
3 0.45377350781250003 0.7640641328125 0.45163218125000004 0.776165171875 0.453092175 0.7806859328125 0.453092175 0.7945295203125 0.453092175 0.800918865625 0.46146280781250004 0.8076954390625 0.4710014390625 0.811277346875 0.4927066796875 0.8079858671875 0.494259496875 0.7463541046875 0.48258405 0.7522535218749999 0.4710014390625 0.753996071875 0.45562281875000005 0.7560290390625 0.45377350781250003 0.7640641328125
2 0.537319015625 0.791570534375 0.5603910703125 0.798146184375 0.5741533265625 0.8060638093750001 0.58427268125 0.8084793484375 0.5912887437500001 0.7984145828125 0.5954713875000001 0.781371565625 0.5942570625 0.766744096875 0.592368096875 0.746480359375 0.5879156390625 0.735878803125 0.5795503328125 0.737757559375 0.5679468375 0.7423202515625 0.5549940640625 0.7476881296875 0.543795375 0.75493476875 0.532727659375 0.764408646875 0.5278743203125 0.77023321875 0.5305728046875 0.7754669 0.537319015625 0.791570534375
5 0.591153809375 0.7275875765625 0.5926379859375001 0.7156440359375 0.5926379859375001 0.6920253734374999 0.593177671875 0.6737746 0.5881854718749999 0.7000772000000001 0.587375915625 0.7160466328124999 0.587375915625 0.7278559640625 0.591153809375 0.7275875765625