0 0.170203871875 0.20653194375 0.190118171875 0.2106541703125 0.209153925 0.216248621875 0.229361146875 0.2253764015625 0.234925440625 0.2342097109375 0.24693261249999998 0.266598746875 0.2595254984375 0.2745486890625 0.2735826734375 0.2827931828125 0.29378988437500003 0.28603214375 0.3151685125 0.26807093125 0.331568540625 0.256587640625 0.34152572187499997 0.2448097984375 0.346797153125 0.22802642343750001 0.34445428906250003 0.20093747187500002 0.327175675 0.173259621875 0.3099385671875 0.16707627187500002 0.303202834375 0.1661929453125 0.27860276562499997 0.16530961718749998 0.2704027515625 0.15412069374999998 0.2627884453125 0.1370428703125 0.2665956046875 0.1240872515625 0.269231325 0.11584277812499999 0.27362418125 0.0999427703125 0.2742099046875 0.09287609375 0.263959878125 0.08345384375 0.245216965625 0.08050939375 0.20830051562500002 0.07668159687500001 0.190143325 0.078153821875 0.17725757343749998 0.0887538671875 0.15382893749999998 0.1002372203125 0.1353788859375 0.107598325 0.11982086875 0.11519248124999999 0.10250590781249999 0.1167261453125 0.0773201359375 0.12025947343750001 0.0805415546875 0.20182081875 0.10455587968749999 0.198581878125 0.12124882031249999 0.202409696875 0.1303273734375 0.2044707796875 0.148777425 0.2112430265625 0.1584417421875 0.20358749375000001 0.170203871875 0.20653194375
4 0.3623461125 0.2044707796875 0.361760409375 0.18739297500000002 0.3591246734375 0.17208184531249998 0.3500460796875 0.1723762734375 0.3559032546875 0.1921041203125 0.3570747015625 0.2230208078125 0.3516612515625 0.2542369671875 0.3600032796875 0.230676403125 0.3623461125 0.2044707796875
1 0.6347321015625 0.13792619687500002 0.6151106125 0.0969983203125 0.6054463 0.07756494375 0.5884605578125 0.0616648953125 0.5609319125 0.0548926671875 0.5436532875 0.0540093203125 0.598124865625 0.3446267234375 0.6118891890625 0.331671165625 0.6320963703125 0.308115440625 0.645860696875 0.2851487765625 0.659039296875 0.2501098 0.6610893046874999 0.21889864375 0.6564035765625 0.186509628125 0.6490821312499999 0.15706514375 0.6347321015625 0.13792619687500002
0 0.284357784375 0.7572544390625 0.2893182546875 0.7351677046875 0.298176209375 0.726974165625 0.32581309531249997 0.7312489953125 0.3410488078125 0.7255492390625 0.35415861406250004 0.7070247968750001 0.3619536234375 0.6831567671875 0.35911906562499996 0.658576225 0.349906775 0.6382705625 0.32439582499999997 0.6211710953125 0.3105773875 0.610127678125 0.2828681515625 0.6136900703125 0.262671971875 0.6279396578124999 0.25558558593749997 0.6372018296874999 0.2428301203125 0.674250715625 0.2222796140625 0.688500353125 0.1808243046875 0.6974063312500001 0.1414949125 0.703818625 0.1207471234375 0.7059565515624999 0.13039161875 0.7857536656249999 0.1626346375 0.7932346671875 0.18337689375 0.8000031796875 0.20817922812499998 0.8210213546875 0.2361704375 0.8203088171875 0.274082534375 0.8167464265625 0.2932157515625 0.812827865625 0.30030215 0.779341371875 0.284357784375 0.7572544390625
4 0.3736212125 0.7020406890625 0.374604403125 0.6732638734374999 0.373074996875 0.6585459546875 0.36684813906249997 0.6437181921875 0.36011124375 0.625562584375 0.35996582187500004 0.6333936734375001 0.369469975 0.663049190625 0.3707808875 0.6799638109374999 0.3691422484375 0.69193585 0.3669573796875 0.699404653125 0.3669573796875 0.7091799734374999 0.3727472703125 0.7156602703125 0.378864884375 0.7115963359374999 0.3736212125 0.7020406890625
1 0.671280325 0.674900421875 0.6750348500000001 0.6382302078125 0.6661848859374999 0.60749194375 0.6538486 0.5840338 0.636953225 0.5611148921875 0.615836490625 0.5457384703125 0.5672263546874999 0.8215743609375 0.594312553125 0.818345590625 0.619521528125 0.802437259375 0.634807790625 0.7830236203125 0.645803175 0.7547120375 0.6549213265625 0.73448946875 0.664307634375 0.7118402546875 0.6683303484375 0.6991673859375 0.671280325 0.674900421875
5 0.319759675 0.2902679703125 0.30144956562499997 0.29470395312500003 0.27894799375 0.30002713124999997 0.2557846328125 0.301579715625 0.2628439359375 0.30690289375 0.2721092828125 0.30668110625 0.3007877546875 0.3053503234375 0.32306872656249996 0.297587353125 0.33067054375 0.2858527 0.319759675 0.2902679703125
2 0.22385885 0.372111925 0.233344825 0.36213093125 0.2368744765625 0.3525935734375 0.24591923124999998 0.336845828125 0.2509930984375 0.3222070640625 0.25474337187499996 0.3106734859375 0.24915485468749998 0.3041123265625 0.2293739609375 0.3029104984375 0.2137110921875 0.3026887125 0.19848944531249998 0.30623750156249996 0.1854738265625 0.31022988125 0.18128236250000002 0.3213198546875 0.1872386640625 0.33529319687500003 0.19915125 0.3497101734375 0.20576936250000002 0.3625745359375 0.2121668765625 0.3725554671875 0.22385885 0.372111925
3 0.2423825 0.43887346406249994 0.2483388046875 0.41735896875 0.2509860453125 0.4000586078125 0.2544546359375 0.3918599796875 0.188775821875 0.394735446875 0.18679039375 0.408265184375 0.1852461546875 0.4217949515625 0.18833462343750001 0.43643371562500005 0.19583515625 0.446636465625 0.20664471718750002 0.4455274703125 0.2218663640625 0.443087690625 0.24039706718749998 0.4457492875 0.2423825 0.43887346406249994
3 0.188722653125 0.4710014390625 0.1920141328125 0.4927066796875 0.2536458953125 0.494259496875 0.247746478125 0.48258405 0.246003928125 0.4710014390625 0.24397096093749998 0.45562281875000005 0.23593586718749998 0.45377350781250003 0.223834828125 0.45163218125000004 0.21931406718750002 0.453092175 0.20547047968749999 0.453092175 0.199081134375 0.453092175 0.19230456093749998 0.46146280781250004 0.188722653125 0.4710014390625
2 0.23325590312500002 0.5942570625 0.253519640625 0.592368096875 0.264121196875 0.5879156390625 0.262242440625 0.5795503328125 0.2576797484375 0.5679468375 0.2523118703125 0.5549940640625 0.24506523125 0.543795375 0.235591353125 0.532727659375 0.22976678125 0.5278743203125 0.2245331 0.5305728046875 0.208429465625 0.537319015625 0.201853815625 0.5603910703125 0.193936190625 0.5741533265625 0.1915206515625 0.58427268125 0.2015854171875 0.5912887437500001 0.218628434375 0.5954713875000001 0.23325590312500002 0.5942570625
5 0.2721440359375 0.587375915625 0.2724124234375 0.591153809375 0.2843559640625 0.5926379859375001 0.30797462656249996 0.5926379859375001 0.3262254 0.593177671875 0.2999228 0.5881854718749999 0.28395336718749997 0.587375915625 0.2721440359375 0.587375915625