0 0.16393810625 0.7142348984375 0.1567722984375 0.6505087296875 0.1591609 0.61528499375 0.1596386828125 0.584373015625 0.1672822296875 0.54299854375 0.1820914953125 0.5201712609375 0.1863910515625 0.501148553125 0.1973786328125 0.49021047500000003 0.227475034375 0.4883081984375 0.246106028125 0.47546782031249996 0.246106028125 0.45073828125000004 0.24085121874999998 0.4288621484375 0.239418046875 0.4069859703125 0.224131 0.3903410828125 0.18065827968749998 0.3784518984375 0.1448293296875 0.39795016875 0.1448293296875 0.40746157812500006 0.13145314531250002 0.44330233750000003 0.1171215296875 0.4594716671875 0.0755597640625 0.4685074671875 0.0755597640625 0.4551915484375 0.049285134375 0.44710688593750003 0.0182333453125 0.4808722484375 0.0158447421875 0.514637609375 0.0187110390625 0.54554954375 0.03399813125 0.5702791281249999 0.051196043749999996 0.60689789375 0.059984896875000006 0.6402104468750001 0.0693493875 0.683322940625 0.07651519531249999 0.729453028125 0.16393810625 0.7142348984375
2 0.28459668125 0.52791454375 0.287822303125 0.5387965609375 0.2914063234375 0.5446835546875 0.302695971875 0.55108405625 0.3276049703125 0.5514408484375 0.3464210421875 0.5484081515625 0.3510803078125 0.543591509375 0.35627713125 0.537882925 0.3544851203125 0.5282496515624999 0.34516665625 0.5189731859375 0.339073828125 0.5107670765625001 0.3254545296875 0.5025609656250001 0.316852878125 0.49631718437499994 0.30556321249999996 0.49043019218749995 0.2951695671875 0.4834728359375 0.2867471234375 0.479369778125 0.27984757656250003 0.4807502765625 0.277787040625 0.49187900781250005 0.2788622703125 0.5045449625 0.27993748281249997 0.5150701718749999 0.28459668125 0.52791454375
5 0.2743822453125 0.47547011250000004 0.27993748281249997 0.4681559828125 0.2759950296875 0.44710553124999997 0.272769409375 0.43105009531249994 0.267931003125 0.41963289374999996 0.260996653125 0.3994051875 0.26094213593750004 0.4155298375 0.26130056874999996 0.43354760781249996 0.26130056874999996 0.45959306875 0.25932935156250003 0.48010836875 0.268468609375 0.4776108484375 0.2743822453125 0.47547011250000004
4 0.1908745234375 0.364301915625 0.17205841875 0.36572906875 0.1521671015625 0.3698321171875 0.1489414796875 0.3757191015625 0.1591559421875 0.37375677343749997 0.180122471875 0.3698321171875 0.1964297609375 0.3728648046875 0.210228234375 0.3771462625 0.22671475624999998 0.38249806249999996 0.22474352187500002 0.374291965625 0.20754023593749998 0.37018890937500004 0.1908745234375 0.364301915625
1 0.3011673125 0.10295037968750001 0.27390621875 0.0868816578125 0.2591995375 0.0754550453125 0.2394711578125 0.06759920781249999 0.21436230156249997 0.0633142171875 0.1386768890625 0.06795630312499999 0.0884590765625 0.0722413015625 0.06621978125 0.089738340625 0.0518718109375 0.1083066328125 0.045773945312499995 0.1254465921875 0.041758898437500004 0.1454954359375 0.325200165625 0.1408011390625 0.3101347390625 0.1147341046875 0.3011673125 0.10295037968750001
1 0.8303446375 0.12839951875 0.8339125859375001 0.11520662968749999 0.8211697578124999 0.0819707078125 0.8053685749999999 0.0677629734375 0.7837056890625 0.0637036328125 0.764336509375 0.0637036328125 0.7480255921875 0.0624350875 0.724833575 0.0606591203125 0.6990929593749999 0.0604054078125 0.67335234375 0.064211053125 0.6544928750000001 0.0677629734375 0.6437888171874999 0.07232975 0.6394562453125 0.08171699375 0.617283671875 0.08932827812500001 0.600031125 0.108401703125 0.8107205437499999 0.16036690781250001 0.8176017625 0.14438321875 0.8303446375 0.12839951875
0 0.8258895359375 0.6118932609375001 0.8371186984375001 0.5806864078125 0.85630188125 0.5497124484375 0.8623843296875 0.5338761203125 0.8615275859375 0.500292021875 0.8577845234374999 0.4835241671875 0.849362690625 0.46139991093750005 0.8437480765625001 0.451152878125 0.8374317015624999 0.43997431875000004 0.8212897968749999 0.443933390625 0.8142715734375001 0.45371464218749996 0.8049139421874999 0.46139991093750005 0.7897077921875 0.462098553125 0.7658457703125 0.45581062499999997 0.7522772015625 0.441604521875 0.7480662625 0.432521934375 0.743387446875 0.4229735671875 0.746428703125 0.4008493125 0.7408141328125 0.394328478125 0.727947346875 0.3826841265625 0.7040853484375 0.3733686546875 0.6818610171875 0.37732773124999996 0.6685263531250001 0.383615678125 0.6565954078125 0.3875747578125 0.654723878125 0.40271240468749997 0.64396259375 0.41645273281249995 0.6402195328125 0.4350836875 0.6402195328125 0.45068709843750004 0.6460680515624999 0.4628232234375 0.6549504546875 0.473521540625 0.6774377359375 0.47868754999999996 0.7045378062500001 0.49590754062500003 0.71261025625 0.5205895515625001 0.72241235 0.5446975546874999 0.728178325 0.571101521875 0.7278683140625 0.5797548578125 0.727166509375 0.61329056875 0.8258895359375 0.6118932609375001
2 0.54044173125 0.5435016984375001 0.565412215625 0.5476985046875 0.588112646875 0.5476985046875 0.608867315625 0.5367222093749999 0.61892040625 0.5092815890625 0.6176232203125 0.4834551375 0.6117859906249999 0.4689277203125 0.5968992921875 0.46706545781250003 0.58000535 0.4828094671875 0.55308911875 0.50121081875 0.5394688359375001 0.5202578703125 0.54044173125 0.5435016984375001
5 0.624757665625 0.4715103890625 0.6244333609375 0.456014503125 0.6244333609375 0.41436930156249996 0.6341621171875 0.39015698125 0.6143803015625 0.43664463124999997 0.6143803015625 0.46021129531250005 0.624757665625 0.4715103890625
4 0.7061549687500001 0.3652989921875 0.71718085 0.37046428124999997 0.7320982890625001 0.36723598125 0.71491084375 0.362716346875 0.690913196875 0.36077935625 0.6675642171875 0.367558809375 0.6721042921875 0.36949579843749997 0.689616071875 0.3652989921875 0.7061549687500001 0.3652989921875
3 0.3997959015625 0.5584478765625 0.424644665625 0.5571260671875 0.44266472968750004 0.551272321875 0.4434234265625 0.5393759921875 0.4466481203125 0.52880150625 0.4453203296875 0.5176605000000001 0.441526596875 0.50991846875 0.43830195625 0.499721621875 0.4318526953125 0.4946231984375 0.4130738796875 0.4942455328125 0.39077955000000003 0.4890200671875 0.389173559375 0.5590143703125 0.3908807328125 0.5584478765625 0.3997959015625 0.5584478765625
3 0.45309738125 0.5157722062500001 0.45423551562500003 0.5261578546875 0.45309738125 0.538809515625 0.45006245156249997 0.5482510296875 0.4565117140625 0.5535382640625001 0.47661830156249996 0.5558042421875 0.498621809375 0.5605250171875 0.5065885890625 0.4861258265625 0.49084472031250004 0.48706997812499997 0.47054840625 0.4902801078125 0.4549761765625 0.49535090468750004 0.44949339374999997 0.49764449062500005 0.45120053281250005 0.5076525000000001 0.45309738125 0.5157722062500001