0 0.498851446875 0.1863910515625 0.509789525 0.1973786328125 0.5116918015625 0.227475034375 0.5245321796875 0.246106028125 0.54926171875 0.246106028125 0.5711378515625001 0.24085121874999998 0.5930140296874999 0.239418046875 0.6096589171875 0.224131 0.6215481015625001 0.18065827968749998 0.60204983125 0.1448293296875 0.5925384218749999 0.1448293296875 0.5566976625 0.13145314531250002 0.5405283328125 0.1171215296875 0.5314925328125 0.0755597640625 0.5448084515625 0.0755597640625 0.5528931140625 0.049285134375 0.5191277515625 0.0182333453125 0.48536239062500003 0.0158447421875 0.45445045625 0.0187110390625 0.429720871875 0.03399813125 0.39310210625 0.051196043749999996 0.359789553125 0.059984896875000006 0.316677059375 0.0693493875 0.270546971875 0.07651519531249999 0.2857651015625 0.16393810625 0.3494912703125 0.1567722984375 0.38471500625 0.1591609 0.41562698437499995 0.1596386828125 0.45700145625 0.1672822296875 0.4798287390625 0.1820914953125 0.498851446875 0.1863910515625
2 0.456408490625 0.3510803078125 0.462117075 0.35627713125 0.4717503484375 0.3544851203125 0.48102681406250003 0.34516665625 0.48923292343749997 0.339073828125 0.497439034375 0.3254545296875 0.5036828156250001 0.316852878125 0.5095698078125 0.30556321249999996 0.5165271640625 0.2951695671875 0.5206302218750001 0.2867471234375 0.5192497234375 0.27984757656250003 0.5081209921875 0.277787040625 0.49545503750000003 0.2788622703125 0.484929828125 0.27993748281249997 0.47208545625 0.28459668125 0.46120343906250005 0.287822303125 0.45531644531250004 0.2914063234375 0.44891594375 0.302695971875 0.4485591515625 0.3276049703125 0.4515918484375 0.3464210421875 0.456408490625 0.3510803078125
5 0.5844701625 0.26094213593750004 0.5664523921875 0.26130056874999996 0.5404069312499999 0.26130056874999996 0.5198916312499999 0.25932935156250003 0.5223891515625 0.268468609375 0.5245298875 0.2743822453125 0.5318440171875001 0.27993748281249997 0.55289446875 0.2759950296875 0.5689499046875001 0.272769409375 0.58036710625 0.267931003125 0.6005948125 0.260996653125 0.5844701625 0.26094213593750004
4 0.6271351953125001 0.1964297609375 0.6228537375000001 0.210228234375 0.6175019374999999 0.22671475624999998 0.625708034375 0.22474352187500002 0.629811090625 0.20754023593749998 0.635698084375 0.1908745234375 0.63427093125 0.17205841875 0.6301678828124999 0.1521671015625 0.6242808984375 0.1489414796875 0.6262432265625 0.1591559421875 0.6301678828124999 0.180122471875 0.6271351953125001 0.1964297609375
1 0.9277586984375 0.0884590765625 0.9102616593749999 0.06621978125 0.8916933671875 0.0518718109375 0.8745534078125001 0.045773945312499995 0.8545045640625 0.041758898437500004 0.8591988609375001 0.325200165625 0.8852658953124999 0.3101347390625 0.8970496203125 0.3011673125 0.9131183421875001 0.27390621875 0.9245449546875 0.2591995375 0.9324007921874999 0.2394711578125 0.9366857828124999 0.21436230156249997 0.932043696875 0.1386768890625 0.9277586984375 0.0884590765625
1 0.9375649125000001 0.7480255921875 0.9393408796875 0.724833575 0.9395945921875001 0.6990929593749999 0.935788946875 0.67335234375 0.9322370265625001 0.6544928750000001 0.92767025 0.6437888171874999 0.91828300625 0.6394562453125 0.9106717218749999 0.617283671875 0.891598296875 0.600031125 0.8396330921875 0.8107205437499999 0.85561678125 0.8176017625 0.87160048125 0.8303446375 0.8847933703124999 0.8339125859375001 0.9180292921875 0.8211697578124999 0.9322370265625001 0.8053685749999999 0.9362963671875001 0.7837056890625 0.9362963671875001 0.764336509375 0.9375649125000001 0.7480255921875
0 0.5386000890625 0.849362690625 0.548847121875 0.8437480765625001 0.56002568125 0.8374317015624999 0.556066609375 0.8212897968749999 0.5462853578125 0.8142715734375001 0.5386000890625 0.8049139421874999 0.5379014468750001 0.7897077921875 0.544189375 0.7658457703125 0.558395478125 0.7522772015625 0.567478065625 0.7480662625 0.5770264328125 0.743387446875 0.5991506875 0.746428703125 0.605671521875 0.7408141328125 0.6173158734374999 0.727947346875 0.6266313453125 0.7040853484375 0.6226722687499999 0.6818610171875 0.616384321875 0.6685263531250001 0.6124252421875 0.6565954078125 0.5972875953125001 0.654723878125 0.5835472671875 0.64396259375 0.5649163125000001 0.6402195328125 0.5493129015625 0.6402195328125 0.5371767765625 0.6460680515624999 0.526478459375 0.6549504546875 0.52131245 0.6774377359375 0.504092459375 0.7045378062500001 0.47941044843749997 0.71261025625 0.4553024453125 0.72241235 0.428898478125 0.728178325 0.4202451421875 0.7278683140625 0.38670943125 0.727166509375 0.38810673906250004 0.8258895359375 0.41931359218750003 0.8371186984375001 0.4502875515625 0.85630188125 0.46612387968749996 0.8623843296875 0.499707978125 0.8615275859375 0.5164758328125 0.8577845234374999 0.5386000890625 0.849362690625
2 0.5310722796875 0.6117859906249999 0.5329345421875 0.5968992921875 0.5171905328124999 0.58000535 0.49878918125 0.55308911875 0.4797421296875 0.5394688359375001 0.4564983015625 0.54044173125 0.4523014953125 0.565412215625 0.4523014953125 0.588112646875 0.463277790625 0.608867315625 0.49071841093749996 0.61892040625 0.5165448625 0.6176232203125 0.5310722796875 0.6117859906249999
5 0.5284896109375 0.624757665625 0.543985496875 0.6244333609375 0.5856306984375 0.6244333609375 0.60984301875 0.6341621171875 0.56335536875 0.6143803015625 0.5397887046875 0.6143803015625 0.5284896109375 0.624757665625
4 0.6305042015625 0.6721042921875 0.6347010078124999 0.689616071875 0.6347010078124999 0.7061549687500001 0.6295357187499999 0.71718085 0.63276401875 0.7320982890625001 0.637283653125 0.71491084375 0.63922064375 0.690913196875 0.632441190625 0.6675642171875 0.6305042015625 0.6721042921875
3 0.49008153125 0.441526596875 0.500278378125 0.43830195625 0.5053768015625 0.4318526953125 0.5057544671875001 0.4130738796875 0.5109799328125 0.39077955000000003 0.4409856296875 0.389173559375 0.44155212343750005 0.3908807328125 0.44155212343750005 0.3997959015625 0.44287393281250004 0.424644665625 0.44872767812500003 0.44266472968750004 0.4606240078125 0.4434234265625 0.47119849374999995 0.4466481203125 0.4823395 0.4453203296875 0.49008153125 0.441526596875
3 0.43947498281249997 0.498621809375 0.5138741734375001 0.5065885890625 0.512930021875 0.49084472031250004 0.5097198921875 0.47054840625 0.5046490953125 0.4549761765625 0.502355509375 0.44949339374999997 0.4923475 0.45120053281250005 0.48422779374999997 0.45309738125 0.4738421453125 0.45423551562500003 0.461190484375 0.45309738125 0.45174897031250005 0.45006245156249997 0.44646173593749994 0.4565117140625 0.4441957578125 0.47661830156249996 0.43947498281249997 0.498621809375