0 0.501148553125 0.8136089484375001 0.49021047500000003 0.8026213671875 0.4883081984375 0.772524965625 0.47546782031249996 0.753893971875 0.45073828125000004 0.753893971875 0.4288621484375 0.75914878125 0.4069859703125 0.760581953125 0.3903410828125 0.7758689999999999 0.3784518984375 0.8193417203125 0.39795016875 0.8551706703124999 0.40746157812500006 0.8551706703124999 0.44330233750000003 0.8685468546875 0.4594716671875 0.8828784703125001 0.4685074671875 0.9244402359375 0.4551915484375 0.9244402359375 0.44710688593750003 0.950714865625 0.4808722484375 0.9817666546874999 0.514637609375 0.9841552578125 0.54554954375 0.9812889609375001 0.5702791281249999 0.9660018687499999 0.60689789375 0.9488039562499999 0.6402104468750001 0.9400151031249999 0.683322940625 0.9306506125 0.729453028125 0.9234848046874999 0.7142348984375 0.83606189375 0.6505087296875 0.8432277015625 0.61528499375 0.8408391 0.584373015625 0.8403613171875 0.54299854375 0.8327177703125 0.5201712609375 0.8179085046875001 0.501148553125 0.8136089484375001
2 0.543591509375 0.6489196921875 0.537882925 0.6437228687500001 0.5282496515624999 0.6455148796875 0.5189731859375 0.65483334375 0.5107670765625001 0.660926171875 0.5025609656250001 0.6745454703125 0.49631718437499994 0.683147121875 0.49043019218749995 0.6944367875 0.4834728359375 0.7048304328125 0.479369778125 0.7132528765624999 0.4807502765625 0.7201524234375001 0.49187900781250005 0.722212959375 0.5045449625 0.7211377296875 0.5150701718749999 0.7200625171875 0.52791454375 0.71540331875 0.5387965609375 0.712177696875 0.5446835546875 0.7085936765625 0.55108405625 0.697304028125 0.5514408484375 0.6723950296875 0.5484081515625 0.6535789578125 0.543591509375 0.6489196921875
5 0.4155298375 0.7390578640625 0.43354760781249996 0.7386994312499999 0.45959306875 0.7386994312499999 0.48010836875 0.7406706484375001 0.4776108484375 0.731531390625 0.47547011250000004 0.7256177546875 0.4681559828125 0.7200625171875 0.44710553124999997 0.7240049703125 0.43105009531249994 0.727230590625 0.41963289374999996 0.732068996875 0.3994051875 0.7390033468749999 0.4155298375 0.7390578640625
4 0.3728648046875 0.8035702390624999 0.3771462625 0.7897717656250001 0.38249806249999996 0.77328524375 0.374291965625 0.775256478125 0.37018890937500004 0.7924597640625 0.364301915625 0.8091254765624999 0.36572906875 0.82794158125 0.3698321171875 0.8478328984375001 0.3757191015625 0.8510585203125001 0.37375677343749997 0.8408440578124999 0.3698321171875 0.819877528125 0.3728648046875 0.8035702390624999
1 0.0722413015625 0.9115409234375 0.089738340625 0.93378021875 0.1083066328125 0.9481281890625001 0.1254465921875 0.9542260546874999 0.1454954359375 0.9582411015625001 0.1408011390625 0.674799834375 0.1147341046875 0.6898652609375 0.10295037968750001 0.6988326875 0.0868816578125 0.72609378125 0.0754550453125 0.7408004625 0.06759920781249999 0.7605288421874999 0.0633142171875 0.7856376984375 0.06795630312499999 0.8613231109375 0.0722413015625 0.9115409234375
1 0.0624350875 0.2519744078125 0.0606591203125 0.275166425 0.0604054078125 0.300907040625 0.064211053125 0.32664765625 0.0677629734375 0.345507125 0.07232975 0.35621118281249997 0.08171699375 0.3605437546875 0.08932827812500001 0.382716328125 0.108401703125 0.399968875 0.16036690781250001 0.18927945625 0.14438321875 0.1823982375 0.12839951875 0.1696553625 0.11520662968749999 0.1660874140625 0.0819707078125 0.17883024218750002 0.0677629734375 0.194631425 0.0637036328125 0.2162943109375 0.0637036328125 0.235663490625 0.0624350875 0.2519744078125
0 0.46139991093750005 0.150637309375 0.451152878125 0.1562519234375 0.43997431875000004 0.1625682984375 0.443933390625 0.178710203125 0.45371464218749996 0.1857284265625 0.46139991093750005 0.1950860578125 0.462098553125 0.21029220781250002 0.45581062499999997 0.23415422968750002 0.441604521875 0.24772279843749997 0.432521934375 0.25193373750000003 0.4229735671875 0.256612553125 0.4008493125 0.253571296875 0.394328478125 0.2591858671875 0.3826841265625 0.272052653125 0.3733686546875 0.2959146515625 0.37732773124999996 0.31813898281249997 0.383615678125 0.331473646875 0.3875747578125 0.3434045921875 0.40271240468749997 0.345276121875 0.41645273281249995 0.35603740625 0.4350836875 0.3597804671875 0.45068709843750004 0.3597804671875 0.4628232234375 0.3539319484375 0.473521540625 0.3450495453125 0.47868754999999996 0.3225622640625 0.49590754062500003 0.29546219375 0.5205895515625001 0.28738974375000004 0.5446975546874999 0.27758764999999996 0.571101521875 0.271821675 0.5797548578125 0.2721316859375 0.61329056875 0.272833490625 0.6118932609375001 0.1741104640625 0.5806864078125 0.1628813015625 0.5497124484375 0.14369811875 0.5338761203125 0.1376156703125 0.500292021875 0.1384724140625 0.4835241671875 0.1422154765625 0.46139991093750005 0.150637309375
2 0.4689277203125 0.388214009375 0.46706545781250003 0.40310070781249996 0.4828094671875 0.41999465 0.50121081875 0.44691088125 0.5202578703125 0.46053116406249994 0.5435016984375001 0.45955826875000005 0.5476985046875 0.434587784375 0.5476985046875 0.411887353125 0.5367222093749999 0.391132684375 0.5092815890625 0.38107959375 0.4834551375 0.3823767796875 0.4689277203125 0.388214009375
5 0.4715103890625 0.375242334375 0.456014503125 0.3755666390625 0.41436930156249996 0.3755666390625 0.39015698125 0.3658378828125 0.43664463124999997 0.3856196984375 0.46021129531250005 0.3856196984375 0.4715103890625 0.375242334375
4 0.36949579843749997 0.3278957078125 0.3652989921875 0.310383928125 0.3652989921875 0.29384503125 0.37046428124999997 0.28281915 0.36723598125 0.26790171093750004 0.362716346875 0.28508915625000003 0.36077935625 0.309086803125 0.367558809375 0.3324357828125 0.36949579843749997 0.3278957078125
3 0.50991846875 0.558473403125 0.499721621875 0.56169804375 0.4946231984375 0.5681473046875001 0.4942455328125 0.5869261203125 0.4890200671875 0.60922045 0.5590143703125 0.610826440625 0.5584478765625 0.6091192671875 0.5584478765625 0.6002040984375 0.5571260671875 0.575355334375 0.551272321875 0.5573352703125 0.5393759921875 0.5565765734375 0.52880150625 0.5533518796875 0.5176605000000001 0.5546796703125 0.50991846875 0.558473403125
3 0.5605250171875 0.501378190625 0.4861258265625 0.49341141093749996 0.48706997812499997 0.5091552796875 0.4902801078125 0.52945159375 0.49535090468750004 0.5450238234375 0.49764449062500005 0.55050660625 0.5076525000000001 0.5487994671875 0.5157722062500001 0.54690261875 0.5261578546875 0.545764484375 0.538809515625 0.54690261875 0.5482510296875 0.5499375484375 0.5535382640625001 0.5434882859375 0.5558042421875 0.5233816984375 0.5605250171875 0.501378190625