0 0.22063975 0.75394585625 0.226145628125 0.740243065625 0.23401124218749997 0.7292808109375 0.23283146562499998 0.7046157484375 0.224179225 0.6896937265624999 0.2379440484375 0.660330490625 0.25367535 0.6337079015625 0.2733393859375 0.62352869375 0.29654296874999997 0.61961360625 0.31935325625 0.6055192734375 0.32879194218749996 0.5839862515625 0.329578459375 0.558146671875 0.325645653125 0.5370051734375 0.3075548359375 0.5119486140625 0.27766548750000003 0.499811834375 0.2564283078125 0.50020333125 0.23440457343749999 0.5029438953125001 0.20923455 0.5236938875 0.202548821875 0.5405287750000001 0.202548821875 0.55810475 0.19468320781249998 0.5667179359375 0.1758057265625 0.5761141609375 0.164400565625 0.5737651109375 0.154568546875 0.5643688874999999 0.1372641375 0.5659349265625 0.11445388593750001 0.5624113421875 0.097542809375 0.5815952703125 0.0861376828125 0.6246612781249999 0.0814182859375 0.662246140625 0.0936100015625 0.6720338609375001 0.11445388593750001 0.70844420625 0.1262522703125 0.7413309703125 0.1291230578125 0.7680899546875 0.1313649265625 0.7938798046875 0.2222128203125 0.7876156125 0.22063975 0.75394585625
0 0.22693218124999998 0.4825872875 0.2186733453125 0.49041747343750003 0.227718809375 0.4955070765625 0.24816936250000002 0.48924292031250005 0.28277803437500004 0.4943325609375 0.3017949359375 0.49423469999999997 0.2835646984375 0.486502365625 0.2635073671875 0.4802382203125 0.244236590625 0.4802382203125 0.22693218124999998 0.4825872875
5 0.3657603140625 0.5910352890625 0.3673334953125 0.57302585 0.3586813640625 0.5538419328125 0.34196512968750004 0.5234697921875 0.340197140625 0.5491437968749999 0.34334335781249997 0.5820305796875 0.350029159375 0.6004315046875 0.3657603140625 0.5910352890625
2 0.3823970109375 0.6451128234375 0.391715228125 0.656728675 0.39780310937499996 0.6637884281249999 0.404387984375 0.667248465625 0.41532131874999995 0.6668777593749999 0.4327153265625 0.65847480625 0.44948807031250004 0.6513075625 0.4538365796875 0.6431517453125 0.449239615625 0.6247393796875 0.4443941265625 0.6111463484375 0.424639553125 0.6032376796875 0.40264856250000003 0.5976768984375 0.380781859375 0.5912511046875 0.367529646875 0.597018828125 0.3704697125 0.61001810625 0.3732030546875 0.621263246875 0.37866973125 0.6347326921875001 0.3823970109375 0.6451128234375
3 0.5095149859375 0.6557068140625 0.514471853125 0.6445688203125 0.5136221359375 0.6234207453125 0.512347475 0.6092065609375 0.5112145109374999 0.59383898125 0.5133388890624999 0.5828419859375 0.5143302624999999 0.5725499203125 0.509798259375 0.5728318984375 0.49960123906250004 0.5763565749999999 0.4865717 0.5787533453125 0.4718426765625 0.578189409375 0.46060855156249997 0.5765365609375 0.48203971093750003 0.6688186015625 0.49336971093750004 0.660782328125 0.5095149859375 0.6557068140625
3 0.5176663265625 0.5926605859375 0.5198836796874999 0.6016906796875 0.52250418125 0.6097174234375 0.5216978625 0.6273762703125 0.5237136296875 0.63981771875 0.5233104796875 0.648647128125 0.5297609515625 0.6540651953125 0.5376224374999999 0.6580785671875 0.552135978125 0.664499975 0.5696731328125 0.5693830234374999 0.546290240625 0.5735970515625 0.5293577828125 0.5735970515625 0.521496296875 0.5735970515625 0.5176663265625 0.5926605859375
2 0.5875969343749999 0.60743436875 0.5822701984374999 0.6226194265625 0.5791226 0.6323812656250001 0.5794857765625 0.6393712171875 0.5877179906250001 0.6434128890624999 0.6026086015625001 0.6502823249999999 0.6104776171874999 0.6547414218750001 0.6171360031249999 0.6564286515625 0.626336690625 0.6530541859375 0.6319055484375 0.6429308234375 0.6388060906249999 0.624491809375 0.64461705625 0.6113555234375 0.64655405 0.6009911125 0.6477646671875 0.5879753390625 0.6419537 0.574412871875 0.625126084375 0.5810412765625 0.6061193765625 0.5889953593749999 0.596192325 0.5977930546875 0.5875969343749999 0.60743436875
5 0.6540900203125 0.5670749984375 0.657914009375 0.5741446546875 0.6672007734375 0.565262265625 0.6672007734375 0.54242184375 0.6682933421875 0.527194884375 0.6707855296874999 0.496797871875 0.6573677078125 0.513961928125 0.6568214234374999 0.540246559375 0.6540900203125 0.5670749984375
0 0.8961516218750001 0.6888169859375 0.906620009375 0.6645007953125 0.9156926249999999 0.64759525 0.928487321875 0.6364792625 0.9310462703125 0.6294712 0.933372578125 0.613955159375 0.9287199609375 0.5924179359374999 0.92569575625 0.5692596609375 0.9086868906250001 0.5425011328125 0.891937453125 0.5332378234374999 0.8751879718750001 0.533469403125 0.8602996484375 0.5374062953125 0.8486681062500001 0.538101059375 0.8435502109374999 0.54504853125 0.8349428296875001 0.537637896875 0.8219154734374999 0.53184830625 0.81493656875 0.5195744265625 0.8123776640625 0.506837375 0.8012113796874999 0.4869212390625 0.7756219640625 0.4734894234375 0.7593378046875 0.46399453749999997 0.7230473625 0.47071043437500004 0.7002495359375 0.4850685828125 0.6911768984375 0.500952903125 0.6835000765625 0.526658603125 0.6839653546875 0.5470378953125 0.6925727140625 0.5672358359375 0.7030410796875 0.576499146875 0.7193252609375 0.5855308875 0.7353768015625 0.5878467140625 0.7432862640625 0.59618368125 0.7611988140625 0.6123944953125 0.7700387890625 0.6286053 0.7756219640625 0.6438897703124999 0.7760872 0.661416759375 0.7695735328125 0.6813328796875 0.77422615 0.6947647015625 0.780972478125 0.7121334078125 0.7867882500000001 0.7239441265625 0.796558696875 0.7399233609375 0.7967913796875 0.7584499703125 0.883356859375 0.7511128031250001 0.8914990046875 0.712206875 0.8961516218750001 0.6888169859375
4 0.7586667171875 0.4529836359375 0.7689024875 0.45553105 0.7812319265625 0.4610890375 0.7923982125 0.4599311234375 0.7889087499999999 0.4481203890625 0.7612256656249999 0.4481203890625 0.73959098125 0.449046728125 0.7210635546875 0.45468849999999994 0.7123731546875 0.4668786015625 0.7293552 0.45715213437499996 0.7586667171875 0.4529836359375
1 0.8577675093750001 0.15967663125 0.833341228125 0.1439290046875 0.8093802468750001 0.1369815171875 0.780301390625 0.130728775 0.7591319750000001 0.126328703125 0.721911028125 0.131423528125 0.6937321 0.13420252187499998 0.6660489953125001 0.1478659125 0.65069535 0.1501817453125 0.642785909375 0.1654662109375 0.6278975234375 0.1881613375 0.6246406999999999 0.20182471093749998 0.8987406796874999 0.24823182500000002 0.8970821140625 0.236098975 0.8887073734375001 0.2078458828125 0.8768432562499999 0.1835296703125 0.8577675093750001 0.15967663125
1 0.32930168593750003 0.182611278125 0.3189030625 0.16915396875 0.3018493015625 0.16501325 0.27279299375 0.15859514531250002 0.23681370937500001 0.157352925 0.2083214609375 0.1569388625 0.17587776093750002 0.167704715625 0.1536246890625 0.175365025 0.13636296718750002 0.186959021875 0.11307003125 0.21453093281250002 0.1032953078125 0.2335782015625 0.0953923484375 0.2567661984375 0.09364640468749999 0.28249753125 0.36198600625 0.22505356718749997 0.34302787968750004 0.20186559375000002 0.32930168593750003 0.182611278125