0 0.277513290625 0.6869735875 0.28440556093749997 0.65501089375 0.300487484375 0.6300527859375 0.30718829062499997 0.62014575 0.3207813671875 0.6186215859375 0.3345658734375 0.619764696875 0.35371103125 0.6157637874999999 0.367304075 0.5996514734375 0.37304765156249997 0.56573895 0.3602203921875 0.535446259375 0.3475306375 0.522300396875 0.3348948734375 0.5125838671875 0.3182385953125 0.5045820375 0.30330531562499996 0.5042009968750001 0.29066951875 0.5059156828125 0.2742047015625 0.511821796875 0.2565911296875 0.5198236359374999 0.24644421093750002 0.5295401562500001 0.2399348828125 0.5444449437500001 0.24261517656249998 0.556066659375 0.2447211796875 0.5713082609375 0.2424237625 0.57702385 0.23055374999999997 0.585978296875 0.22098117031250003 0.5899792140625 0.2117915 0.5897886906250001 0.2117915 0.57988165625 0.2117915 0.569974615625 0.21102566718750002 0.56444953125 0.20643086406250002 0.5615917359375 0.199921503125 0.5564477 0.1876685828125 0.556257178125 0.1719695671875 0.5612106906250001 0.16201407968749998 0.5640685046875 0.157610690625 0.5690220109374999 0.1540607640625 0.58117370625 0.139259821875 0.6065684609375 0.1295626046875 0.6223132109375 0.1295626046875 0.665992165625 0.1372182796875 0.6741185 0.147425859375 0.6802132484375 0.1663098859375 0.7122106406250001 0.17753819375 0.76553959375 0.1836627328125 0.7934738343750001 0.18507954843750002 0.8113597625000001 0.2616228140625 0.8124593890625 0.262771521875 0.7886443921875 0.2654518484375 0.7692113578125 0.27253553125 0.7565133687500001 0.2882345796875 0.7387950203125 0.28708585468750003 0.7203145828124999 0.2796192625 0.7086928609375 0.2790449078125 0.6930702125 0.277513290625 0.6869735875
5 0.39852695 0.5993564921875 0.397943528125 0.5868751890625 0.393276646875 0.5601710171875001 0.388719634375 0.52821128125 0.3868596 0.5743938859375 0.38510955625 0.5987759953125 0.39852695 0.5993564921875
4 0.33756530625000003 0.5015379109375 0.309563846875 0.4905079234375 0.2792288984375 0.48760527343750004 0.258811121875 0.49631316875 0.2529774828125 0.49660342343749997 0.25647765625 0.5026989484375 0.2704783859375 0.4986352671875 0.315689171875 0.497764478125 0.3551022484375 0.508696665625 0.33756530625000003 0.5015379109375
2 0.44461270781250006 0.6120771625 0.4268200828125 0.6074329546875 0.41398611093750004 0.6042400671875 0.4047279140625 0.60746451875 0.4023187609375 0.620785046875 0.4058189953125 0.6390716140625 0.4075690640625 0.666936853125 0.4230282234375 0.680288946875 0.4393624296875 0.6820305234374999 0.4559883359375 0.6765155140625 0.47115579687500003 0.658519225 0.47115579687500003 0.64748923125 0.4618219859375 0.6254292546875 0.44461270781250006 0.6120771625
3 0.48877138125 0.59949936875 0.5041159093750001 0.6805792 0.5312422984375 0.6663563328125 0.5394094625 0.6422645124999999 0.5399927609375 0.6280416203125 0.5399927609375 0.61527005625 0.5362009750000001 0.603659534375 0.5283255578125 0.6033692734375 0.5143248171875 0.6010471625 0.48877138125 0.59949936875
3 0.5741735953125 0.680078575 0.5824069062499999 0.690538034375 0.585813821875 0.5906163109375 0.5703197125 0.593788009375 0.5506998796875 0.59413665625 0.54526940625 0.5948339515625001 0.5447438906250001 0.6032015296875 0.5447438906250001 0.6218542390625 0.5456197796875 0.630570459375 0.5461452953125 0.6525353296875 0.54526940625 0.664040740625 0.5524516578124999 0.6748488453125 0.5741735953125 0.680078575
2 0.6780534406250001 0.6443420828125 0.680681090625 0.6258636953125001 0.6812065921875 0.6084312515625 0.6782286265625 0.5993663890625001 0.6621123484375 0.5991920625 0.641095228125 0.6047281156250001 0.627952859375 0.61383531875 0.6162160375 0.6317907171875 0.6102600203125 0.6438191093750001 0.6128876703125 0.6586366781249999 0.623398259375 0.6649123593749999 0.6354854671875 0.6729312875 0.6510762156250001 0.6799042562500001 0.668593896875 0.6785096421875 0.6754257890625001 0.65654479375 0.6780534406250001 0.6443420828125
5 0.6988994609375 0.5416912234375 0.7033469 0.5284287 0.6988994609375 0.511184459375 0.6910165078125 0.5383790625 0.6899654468749999 0.5622615015625 0.6864619234375 0.5859696234375 0.6869874828125 0.6025304390625 0.69539590625 0.605145303125 0.6988994609375 0.5918966453125 0.696447025 0.5674912375 0.6988994609375 0.5416912234375
0 0.9709515015625 0.6258259640625 0.9714177656249999 0.608891059375 0.9623261234375 0.586024703125 0.9427151828125 0.5642181296875 0.933623578125 0.5533148437500001 0.9208020171875001 0.540323675 0.9100785281249999 0.5370758921875 0.893993275 0.53777185625 0.8846685390625 0.5400917062499999 0.8802392640625 0.5512269609375 0.8786074562499999 0.5765133062500001 0.8632215609375 0.5760493484375 0.8524980703124999 0.5656100187499999 0.8455045390624999 0.54449941875 0.8408421515625 0.5287244531249999 0.8359466125000001 0.514573375 0.8098372656249999 0.5039020859375001 0.7883903265625001 0.49624658125 0.7580848171875 0.5044253484375 0.7364047453125 0.5178804734375 0.7224175828125 0.537831159375 0.7168227453125 0.5603336828125001 0.718687703125 0.5939947046875 0.7333742046875 0.6106976015625001 0.7550351015625 0.619049065625 0.785107459375 0.6183815828125 0.8046894796874999 0.6327646390624999 0.817744153125 0.6529473171875 0.8219402953125 0.6696502140625 0.8263695500000001 0.7013653671875 0.8233390093749999 0.71690835 0.8356943265625001 0.7452104921875 0.8496814890625 0.7702648578125 0.8537867984374999 0.7996582640625001 0.93015569375 0.799761671875 0.931787540625 0.7668874453125001 0.9343518375000001 0.7439209609375 0.9429772156249999 0.6903177328125001 0.95370074375 0.66572734375 0.9637248375 0.652504196875 0.9709515015625 0.646936584375 0.9709515015625 0.642296884375 0.9709515015625 0.6258259640625
4 0.8324787468749999 0.49213745937500003 0.8191909609374999 0.4872657703125 0.7956459109375 0.48517791250000003 0.775364553125 0.4872657703125 0.7635932078125001 0.4893536421875 0.793780971875 0.4893536421875 0.8121973703125 0.49097753749999995 0.82921509375 0.496777159375 0.8324787468749999 0.49213745937500003
1 0.774380421875 0.1493931875 0.7473238921875 0.1604699609375 0.731844925 0.16721987031250002 0.71880085625 0.1769120453125 0.711148334375 0.1885080484375 0.6986260265625 0.197507934375 0.9047200484375001 0.2282797546875 0.9074299171875 0.214296159375 0.90847345625 0.2061616515625 0.8992556484374999 0.1907580203125 0.8914291671875001 0.17795049999999998 0.8825592484375001 0.1668737234375 0.8644714625000001 0.15614309531249998 0.846383690625 0.15060471250000002 0.8244696359375 0.1474893625 0.801164225 0.14316250156250002 0.774380421875 0.1493931875