0 0.42261140781249995 0.228475225 0.442806903125 0.26564298124999997 0.4664200734375 0.280451996875 0.50525750625 0.27551562500000004 0.54129864375 0.26157772968750004 0.5605620140625 0.2397998140625 0.564290425 0.21250472812500001 0.5624262171875001 0.184919275 0.5503089203125 0.1666258109375 0.535084659375 0.1523975015625 0.51413861875 0.1436862921875 0.5219061046875 0.12074684531249999 0.5215954046875 0.101001484375 0.5085460265624999 0.07806201406249999 0.48213656718750003 0.060349278125 0.43021841875 0.0490247375 0.39604147031250003 0.0554129328125 0.3534756328125 0.07690050625 0.30376371406249997 0.092871053125 0.26535865 0.09733029843749999 0.2494931515625 0.09809776406250001 0.2373758875 0.17649847968750002 0.2711269515625 0.1805636828125 0.290390346875 0.2087298890625 0.3205281796875 0.22586189375000001 0.335752453125 0.2174410734375 0.3587442171875 0.20118016249999998 0.4086299359375 0.20495505 0.42261140781249995 0.228475225
4 0.576545378125 0.20059945781250002 0.5669136984375001 0.24880129218749997 0.5796523890625 0.22818481249999997 0.5843128734375 0.20321276406250002 0.576545378125 0.17127176875 0.5725063015625 0.17011023593750002 0.576545378125 0.20059945781250002
5 0.4929672015625 0.295841740625 0.4653149484375 0.3010685 0.461897271875 0.3074566703125 0.46282938281249997 0.3176197515625 0.479296446875 0.3161678546875 0.500424 0.3074566703125 0.5458625203125 0.29414511875 0.5147161890625 0.2943898921875 0.4929672015625 0.295841740625
2 0.466214275 0.35067784375 0.46807846406250003 0.326286525 0.44141959062499997 0.318049753125 0.40873484062500004 0.31902718750000003 0.3963068609375 0.32018864687500004 0.36772250781250004 0.3318035765625 0.3534303328125 0.3541623171875 0.36554760937499997 0.37768254218749997 0.3804612046875 0.398008584375 0.40376365937500003 0.410204315625 0.4422904 0.387555209375 0.4565825765625 0.37303653593749997 0.466214275 0.35067784375
3 0.4746031515625 0.4639233 0.4739817640625 0.4404031 0.47765489375000003 0.419644446875 0.4690105625 0.4223999515625 0.3615085375 0.43314376250000003 0.37300439375 0.44911428437499995 0.390714284375 0.47408638124999997 0.39507964375000004 0.4737959921875 0.409356246875 0.47495750000000003 0.44291180781249995 0.4697307890625 0.473671059375 0.467407725 0.4746031515625 0.4639233
3 0.474906075 0.5037043625 0.4758381671875 0.48192640000000003 0.454399909375 0.48134571875 0.42799045781249995 0.48366863593750004 0.3938134765625 0.4862819921875 0.38418179218750004 0.49528356562500003 0.376414303125 0.5066081062500001 0.36895751718750003 0.5202556625 0.47936008281250003 0.5244264265624999 0.474906075 0.5037043625
2 0.460506071875 0.6301043671875 0.4701377640625 0.61210121875 0.467341475 0.590904034375 0.4542085203125 0.57502456875 0.426639828125 0.5557688796875 0.4070657671875 0.5548977609375 0.3918414796875 0.5508325578125 0.373199503125 0.5604148609374999 0.3620143125 0.5850965687499999 0.34958635937500004 0.6057130484375 0.36916040781250004 0.621683521875 0.403648065625 0.6327176984375 0.42943612187499997 0.6344599843750001 0.460506071875 0.6301043671875
0 0.464480603125 0.9003460953125 0.48405465156250005 0.8913445703124999 0.5011431484375 0.8808911484375 0.5058036265625 0.8608554703125 0.507046440625 0.8347218671875 0.504560825 0.8268818 0.486850946875 0.8126535140625 0.49586123750000005 0.8065556359375 0.5148139296875 0.805394178125 0.5402912703125 0.7917466703125 0.5573797546875 0.770839825 0.563283046875 0.7496425921875 0.563283046875 0.72786458125 0.5545834593750001 0.7084096328125 0.5433982687500001 0.6944717359375 0.5229810140625 0.68285680625 0.501542746875 0.6773396828125 0.484143559375 0.6721129703125001 0.4599090140625 0.6753071046875 0.43136024375000004 0.6988273296874999 0.42203925625 0.7345431640625 0.401222396875 0.7473196015625 0.3664240421875 0.7589345062499999 0.3397038734375 0.7525463359375 0.323236809375 0.7365758140625001 0.30366274843749996 0.7357046953124999 0.282845859375 0.7534174546875 0.2573684921875 0.774324275 0.2228808734375 0.7760665375 0.1767850921875 0.8509827781249999 0.23749862031250002 0.8573709484375 0.2716755875 0.859984303125 0.3104741390625 0.8623073187499999 0.33035894374999997 0.8698569968750001 0.35987539375 0.89279641875 0.4209826546875 0.9073150921875 0.44583861406249997 0.9038306671875 0.464480603125 0.9003460953125
5 0.45475802656250003 0.6419141875000001 0.46532179687499997 0.651496515625 0.49142057031249997 0.647721653125 0.5206263296875 0.654109871875 0.5552410703125 0.6515193984375001 0.519383528125 0.6445275671874999 0.4830316609375 0.640171975 0.45475802656250003 0.6419141875000001
4 0.56660984375 0.7177015234375 0.5734452343750001 0.745867753125 0.5700275328125 0.7746146640625 0.577173640625 0.773162815625 0.5849411296875 0.7580633890625 0.5849411296875 0.741802453125 0.5746880359375 0.7171208171875 0.5654722140625 0.70132071875 0.56660984375 0.7177015234375
1 0.9390217968749999 0.714217096875 0.9371575999999999 0.6747263515624999 0.9228654296875 0.6381393484375 0.8973880703124999 0.61665175 0.8651594812500001 0.60331171875 0.7995177109375 0.8692762187499999 0.8215773890625 0.877406721875 0.8380444656250001 0.8715992328125 0.8712892953125 0.8483693734375001 0.8843386703125 0.8321085109374999 0.9163407359375 0.7990060078125001 0.9324971156249999 0.7754857828125 0.9365361984374999 0.7490618390625 0.9390217968749999 0.714217096875
1 0.9003589359375 0.116749490625 0.881716959375 0.09642335156250001 0.8559288953124999 0.0792913703125 0.8357334406250001 0.0752261171875 0.81864495625 0.0668053203125 0.82951944375 0.339755928125 0.8543754031249999 0.33220625 0.88078486875 0.317977915625 0.903465934375 0.293586646875 0.92179720625 0.2619359421875 0.9311181875000001 0.2180896265625 0.9301860874999999 0.1704684984375 0.917136709375 0.1399792765625 0.9003589359375 0.116749490625