0 0.228475225 0.5773885921875 0.26564298124999997 0.5571930968750001 0.280451996875 0.5335799265625 0.27551562500000004 0.49474249375 0.26157772968750004 0.45870135625 0.2397998140625 0.43943798593750005 0.21250472812500001 0.435709575 0.184919275 0.4375737828125 0.1666258109375 0.44969107968750005 0.1523975015625 0.464915340625 0.1436862921875 0.48586138125 0.12074684531249999 0.4780938953125 0.101001484375 0.4784045953125 0.07806201406249999 0.4914539734375 0.060349278125 0.5178634328125 0.0490247375 0.56978158125 0.0554129328125 0.6039585296875 0.07690050625 0.6465243671875001 0.092871053125 0.6962362859375 0.09733029843749999 0.73464135 0.09809776406250001 0.7505068484375 0.17649847968750002 0.7626241125 0.1805636828125 0.7288730484375 0.2087298890625 0.709609653125 0.22586189375000001 0.6794718203125 0.2174410734375 0.664247546875 0.20118016249999998 0.6412557828125001 0.20495505 0.5913700640624999 0.228475225 0.5773885921875
4 0.20059945781250002 0.42345462187500005 0.24880129218749997 0.4330863015625 0.22818481249999997 0.4203476109375 0.20321276406250002 0.4156871265625 0.17127176875 0.42345462187500005 0.17011023593750002 0.42749369843749996 0.20059945781250002 0.42345462187500005
5 0.295841740625 0.5070327984375 0.3010685 0.5346850515625 0.3074566703125 0.5381027281249999 0.3176197515625 0.5371706171875 0.3161678546875 0.5207035531249999 0.3074566703125 0.49957599999999996 0.29414511875 0.4541374796875 0.2943898921875 0.4852838109375 0.295841740625 0.5070327984375
2 0.35067784375 0.533785725 0.326286525 0.5319215359375 0.318049753125 0.558580409375 0.31902718750000003 0.591265159375 0.32018864687500004 0.6036931390625 0.3318035765625 0.6322774921875001 0.3541623171875 0.6465696671875001 0.37768254218749997 0.634452390625 0.398008584375 0.6195387953125 0.410204315625 0.596236340625 0.387555209375 0.5577096 0.37303653593749997 0.5434174234375 0.35067784375 0.533785725
3 0.4639233 0.5253968484375 0.4404031 0.5260182359375001 0.419644446875 0.52234510625 0.4223999515625 0.5309894374999999 0.43314376250000003 0.6384914625 0.44911428437499995 0.6269956062500001 0.47408638124999997 0.609285715625 0.4737959921875 0.60492035625 0.47495750000000003 0.590643753125 0.4697307890625 0.5570881921875 0.467407725 0.526328940625 0.4639233 0.5253968484375
3 0.5037043625 0.525093925 0.48192640000000003 0.5241618328125 0.48134571875 0.545600090625 0.48366863593750004 0.5720095421875 0.4862819921875 0.6061865234375 0.49528356562500003 0.6158182078125 0.5066081062500001 0.623585696875 0.5202556625 0.6310424828125 0.5244264265624999 0.5206399171875 0.5037043625 0.525093925
2 0.6301043671875 0.539493928125 0.61210121875 0.5298622359375 0.590904034375 0.532658525 0.57502456875 0.5457914796875001 0.5557688796875 0.573360171875 0.5548977609375 0.5929342328125 0.5508325578125 0.6081585203125 0.5604148609374999 0.626800496875 0.5850965687499999 0.6379856875 0.6057130484375 0.650413640625 0.621683521875 0.6308395921875001 0.6327176984375 0.596351934375 0.6344599843750001 0.570563878125 0.6301043671875 0.539493928125
0 0.9003460953125 0.535519396875 0.8913445703124999 0.5159453484375 0.8808911484375 0.49885685156250004 0.8608554703125 0.4941963734375 0.8347218671875 0.49295355937499996 0.8268818 0.495439175 0.8126535140625 0.513149053125 0.8065556359375 0.5041387625 0.805394178125 0.48518607031250005 0.7917466703125 0.45970872968750004 0.770839825 0.4426202453125 0.7496425921875 0.43671695312500003 0.72786458125 0.43671695312500003 0.7084096328125 0.44541654062499997 0.6944717359375 0.45660173125 0.68285680625 0.4770189859375 0.6773396828125 0.49845725312500005 0.6721129703125001 0.515856440625 0.6753071046875 0.5400909859375 0.6988273296874999 0.56863975625 0.7345431640625 0.5779607437500001 0.7473196015625 0.5987776031250001 0.7589345062499999 0.6335759578125 0.7525463359375 0.6602961265625 0.7365758140625001 0.676763190625 0.7357046953124999 0.6963372515625 0.7534174546875 0.717154140625 0.774324275 0.7426315078125 0.7760665375 0.7771191265625 0.8509827781249999 0.8232149078125 0.8573709484375 0.7625013796875 0.859984303125 0.7283244125 0.8623073187499999 0.6895258609375 0.8698569968750001 0.6696410562499999 0.89279641875 0.64012460625 0.9073150921875 0.5790173453125 0.9038306671875 0.5541613859375001 0.9003460953125 0.535519396875
5 0.6419141875000001 0.5452419734375 0.651496515625 0.534678203125 0.647721653125 0.5085794296875 0.654109871875 0.4793736703125 0.6515193984375001 0.44475892968749997 0.6445275671874999 0.480616471875 0.640171975 0.5169683390625 0.6419141875000001 0.5452419734375
4 0.7177015234375 0.43339015625000005 0.745867753125 0.426554765625 0.7746146640625 0.42997246718750004 0.773162815625 0.422826359375 0.7580633890625 0.4150588703125 0.741802453125 0.4150588703125 0.7171208171875 0.4253119640625 0.70132071875 0.43452778593749997 0.7177015234375 0.43339015625000005
1 0.714217096875 0.060978203125 0.6747263515624999 0.06284239999999999 0.6381393484375 0.0771345703125 0.61665175 0.10261192968749999 0.60331171875 0.13484051875 0.8692762187499999 0.20048228906249999 0.877406721875 0.1784226109375 0.8715992328125 0.16195553437500002 0.8483693734375001 0.1287107046875 0.8321085109374999 0.11566132968750001 0.7990060078125001 0.0836592640625 0.7754857828125 0.067502884375 0.7490618390625 0.0634638015625 0.714217096875 0.060978203125
1 0.116749490625 0.09964106406249999 0.09642335156250001 0.11828304062499999 0.0792913703125 0.1440711046875 0.0752261171875 0.164266559375 0.0668053203125 0.18135504375 0.339755928125 0.17048055625 0.33220625 0.145624596875 0.317977915625 0.11921513125000001 0.293586646875 0.096534065625 0.2619359421875 0.07820279375 0.2180896265625 0.0688818125 0.1704684984375 0.06981391249999999 0.1399792765625 0.082863290625 0.116749490625 0.09964106406249999