0 0.2849741515625 0.9608586906250001 0.28766094375 0.929753509375 0.2760180953125 0.9050928640624999 0.27362980625 0.8766924640625 0.27900343906249997 0.8541524515625 0.2894522046875 0.8239488265625001 0.3064686125 0.8014088328125 0.325873484375 0.8068184140625 0.3464724640625 0.7982532078125 0.363787471875 0.7752624265625 0.37453474062500003 0.7432555953125 0.37453474062500003 0.719363184375 0.372743528125 0.6846515421875 0.3685640015625 0.65309555625 0.34766657031250003 0.6260475375000001 0.3246792765625 0.614326725 0.29154191875 0.615679134375 0.26377814375 0.63461274375 0.24914987656249998 0.6558003375 0.24228355937499998 0.679241953125 0.23690992500000002 0.699077184375 0.22287878593750002 0.722067984375 0.2133256765625 0.716658384375 0.20825052031250002 0.698626378125 0.1939208546875 0.6887087625 0.1745160578125 0.683299153125 0.161380475 0.682397559375 0.15182736562500002 0.690061153125 0.13122841093749998 0.7212655171875 0.12197382812499999 0.7496659265625001 0.11451043125 0.7884347296875001 0.11540606093750001 0.8303591484374999 0.12197382812499999 0.844333971875 0.1366020703125 0.8794963906250001 0.1416771515625 0.916912821875 0.15085787343749998 0.9632309671874999 0.2587030359375 0.984300278125 0.275122490625 0.975735090625 0.2849741515625 0.9608586906250001
4 0.260195721875 0.6097754640625 0.275122490625 0.6052674671875 0.296019946875 0.5985054859375001 0.318111584375 0.5994070515625001 0.3425914390625 0.6097754640625 0.3355919265625 0.593353684375 0.3193056421875 0.5881370640625 0.2903478109375 0.5854322453125 0.2634795671875 0.5930958671875 0.260195721875 0.6097754640625
5 0.40923133749999996 0.7592734234375 0.4163961828125 0.7520605984375 0.40415625625 0.6997678046875 0.399678203125 0.658294175 0.39430456875000003 0.6353033546875 0.38556433125 0.6391244515625 0.3931104109375 0.6677609546875 0.394901646875 0.7119394046874999 0.3969913609375 0.7543145921875001 0.40923133749999996 0.7592734234375
2 0.44177166718749994 0.8638364718749999 0.45908672656249994 0.856172896875 0.471326703125 0.835436071875 0.47162525468750005 0.8137976531250001 0.4686398859375 0.790356046875 0.45848967187499995 0.7705208359375 0.4468467484375 0.7439236046875 0.43103102812499994 0.7461290843749999 0.42415808125 0.783594046875 0.42415808125 0.815150034375 0.4304273453125 0.847156846875 0.44177166718749994 0.8638364718749999
3 0.5330093625 0.846702990625 0.5376480515625001 0.8257407046875 0.5342194734375 0.7675727046875 0.5326060484374999 0.7298091921875 0.5320009406249999 0.7054456250000001 0.5180851093750001 0.7017910796875 0.5053651234375 0.69905019375 0.4884888765625 0.700448784375 0.5013456390625 0.892993725 0.5174800703125 0.8664983812499999 0.5330093625 0.846702990625
3 0.5458549203125 0.7599086015625 0.546065015625 0.7941698500000001 0.5494263015625 0.8217692062499999 0.5614010687500001 0.8560304437499999 0.5874513734375 0.8924618359375 0.587534190625 0.69742468125 0.5670732921875 0.698999721875 0.54774565 0.7018548250000001 0.5448044999999999 0.7256473640625 0.5458549203125 0.7599086015625
2 0.635140240625 0.8597252375 0.646274628125 0.862580340625 0.652787178125 0.8454496953125 0.65866955 0.83339480625 0.6618207953125 0.818484815625 0.6639216375 0.789933784375 0.664341790625 0.7797823125 0.663291353125 0.7591621140625 0.6616107359375001 0.7467900015625 0.6555183046875 0.731562771875 0.642283075 0.7448865859375 0.6304830921875 0.7665194765625001 0.6189638609375 0.7991335828125 0.6156025203125 0.8235605984375001 0.6227453203125 0.84862205 0.635140240625 0.8597252375
5 0.6774274890624999 0.7274057359375 0.6875115078125 0.7312125671875 0.6883518343749999 0.69155835 0.703986246875 0.6212536390625 0.69486441875 0.6360424265625 0.6755367765625 0.6883859828125 0.67238553125 0.7156681265625 0.6774274890624999 0.7274057359375
4 0.7805783234375 0.5995605359375 0.7973849171875 0.6017811625 0.8137714624999999 0.6078086078125 0.8167126484375 0.59607095 0.8001160781250001 0.5916296765625 0.7889816203125 0.5862367015625 0.77196493125 0.5862367015625 0.7604103531249999 0.5862367015625 0.7498176234375 0.5933968000000001 0.7454944359375 0.6024156390625001 0.756418765625 0.598291584375 0.7805783234375 0.5995605359375
0 0.94149955 0.8909067203125 0.9564154671875 0.8655280171875 0.961667553125 0.809044521875 0.9585163078125 0.786520909375 0.9492726328125001 0.760190478125 0.9444406640624999 0.741156471875 0.9349869296875 0.7237086015624999 0.9309954109374999 0.7087986234375 0.9159336734375 0.6986471375 0.898706890625 0.6986471375 0.881690165625 0.702453915625 0.8716061109375 0.7107020265624999 0.8695053406250001 0.735763490625 0.8611020078125 0.7271981671875001 0.8447155328125 0.6973781984375 0.83778279375 0.6742201359375 0.8243374687499999 0.6405933421875 0.8058501 0.6199731421875 0.7894636421875 0.612359534375 0.76215285625 0.612359534375 0.744505865625 0.6187041984375 0.7272790296875 0.6320280203124999 0.7224471140625 0.6386899406250001 0.7180353890625 0.6469380046875 0.716774890625 0.662799696875 0.7106824781250001 0.6913507546875 0.7102622890625 0.71736390625 0.7079513875 0.74706843125 0.711522821875 0.760392253125 0.7199261531250001 0.7749850125 0.7306403875 0.789894996875 0.7405142953125 0.7971913796875 0.7701360171875 0.8051221999999999 0.7875729125 0.8305652703125 0.7974468031249999 0.8553095140625 0.8024888125 0.88290885 0.79723674375 0.9022601218749999 0.7852619765625 0.9276388171875001 0.7844216671875001 0.9447694625 0.79639638125 0.9777617734374999 0.81131228125 0.9841064562499999 0.821014796875 0.9938388515625001 0.91565926875 0.99774406875 0.9236424812499999 0.9432503156250001 0.94149955 0.8909067203125
1 0.89638804375 0.1547875265625 0.8415933859375 0.1363025625 0.769893840625 0.1380630921875 0.7448282796875 0.1512665390625 0.6981945890625 0.1873562578125 0.9368106140625001 0.2781482328125 0.9634240546875 0.253373890625 0.9511827015625001 0.207601640625 0.9266998015624999 0.167991009375 0.89638804375 0.1547875265625
1 0.380684378125 0.1736220546875 0.3323018734375 0.14105328749999999 0.29790938749999996 0.14105328749999999 0.2559390375 0.14105328749999999 0.2203808390625 0.15425680625 0.172581240625 0.1745022640625 0.142852240625 0.2079512046875 0.122449946875 0.24580127031250001 0.12128413593750001 0.275729259375 0.132205209375 0.29626423125 0.4220718234375 0.2361187375 0.4028354125 0.19650810624999998 0.380684378125 0.1736220546875