0 0.8014088328125 0.6935313875 0.8068184140625 0.674126515625 0.7982532078125 0.6535275359375 0.7752624265625 0.636212528125 0.7432555953125 0.6254652593750001 0.719363184375 0.6254652593750001 0.6846515421875 0.627256471875 0.65309555625 0.6314359984375 0.6260475375000001 0.6523334296875001 0.614326725 0.6753207234375 0.615679134375 0.70845808125 0.63461274375 0.73622185625 0.6558003375 0.7508501234375 0.679241953125 0.757716440625 0.699077184375 0.763090075 0.722067984375 0.7771212140625 0.716658384375 0.7866743234375 0.698626378125 0.7917494796875 0.6887087625 0.8060791453125 0.683299153125 0.8254839421875 0.682397559375 0.838619525 0.690061153125 0.8481726343749999 0.7212655171875 0.8687715890625001 0.7496659265625001 0.878026171875 0.7884347296875001 0.88548956875 0.8303591484374999 0.8845939390625001 0.844333971875 0.878026171875 0.8794963906250001 0.8633979296875 0.916912821875 0.8583228484375001 0.9632309671874999 0.8491421265625 0.984300278125 0.7412969640625 0.975735090625 0.724877509375 0.9608586906250001 0.7150258484375 0.929753509375 0.71233905625 0.9050928640624999 0.7239819046875 0.8766924640625 0.72637019375 0.8541524515625 0.7209965609375 0.8239488265625001 0.7105477953125 0.8014088328125 0.6935313875
4 0.5881370640625 0.6806943578125 0.5854322453125 0.7096521890624999 0.5930958671875 0.7365204328125 0.6097754640625 0.739804278125 0.6052674671875 0.724877509375 0.5985054859375001 0.703980053125 0.5994070515625001 0.681888415625 0.6097754640625 0.6574085609375 0.593353684375 0.6644080734375 0.5881370640625 0.6806943578125
5 0.6677609546875 0.6068895890625 0.7119394046874999 0.605098353125 0.7543145921875001 0.6030086390625 0.7592734234375 0.5907686625 0.7520605984375 0.5836038171875 0.6997678046875 0.5958437437499999 0.658294175 0.600321796875 0.6353033546875 0.60569543125 0.6391244515625 0.61443566875 0.6677609546875 0.6068895890625
2 0.7439236046875 0.5531532515625 0.7461290843749999 0.5689689718750001 0.783594046875 0.57584191875 0.815150034375 0.57584191875 0.847156846875 0.5695726546875 0.8638364718749999 0.5582283328125001 0.856172896875 0.5409132734375001 0.835436071875 0.528673296875 0.8137976531250001 0.5283747453125 0.790356046875 0.5313601140624999 0.7705208359375 0.541510328125 0.7439236046875 0.5531532515625
3 0.69905019375 0.49463487656250005 0.700448784375 0.5115111234375 0.892993725 0.49865436093750004 0.8664983812499999 0.48251992968749996 0.846702990625 0.4669906375 0.8257407046875 0.46235194843749994 0.7675727046875 0.4657805265625 0.7298091921875 0.4673939515625 0.7054456250000001 0.467999059375 0.7017910796875 0.481914890625 0.69905019375 0.49463487656250005
3 0.698999721875 0.4329267078125 0.7018548250000001 0.45225435 0.7256473640625 0.45519550000000003 0.7599086015625 0.4541450796875 0.7941698500000001 0.453934984375 0.8217692062499999 0.4505736984375 0.8560304437499999 0.43859893124999993 0.8924618359375 0.41254862656249996 0.69742468125 0.412465809375 0.698999721875 0.4329267078125
2 0.7797823125 0.335658209375 0.7591621140625 0.336708646875 0.7467900015625 0.33838926406250003 0.731562771875 0.3444816953125 0.7448865859375 0.35771692499999996 0.7665194765625001 0.3695169078125 0.7991335828125 0.3810361390625 0.8235605984375001 0.3843974796875 0.84862205 0.3772546796875 0.8597252375 0.364859759375 0.862580340625 0.353725371875 0.8454496953125 0.347212821875 0.83339480625 0.34133045 0.818484815625 0.33817920468749996 0.789933784375 0.3360783625 0.7797823125 0.335658209375
5 0.7156681265625 0.32761446875 0.7274057359375 0.3225725109375 0.7312125671875 0.3124884921875 0.69155835 0.311648165625 0.6212536390625 0.296013753125 0.6360424265625 0.30513558125 0.6883859828125 0.3244632234375 0.7156681265625 0.32761446875
4 0.5862367015625 0.22803506875 0.5862367015625 0.239589646875 0.5933968000000001 0.25018237656250003 0.6024156390625001 0.25450556406249997 0.598291584375 0.24358123437499998 0.5995605359375 0.21942167656249997 0.6017811625 0.2026150828125 0.6078086078125 0.18622853749999999 0.59607095 0.1832873515625 0.5916296765625 0.19988392187499998 0.5862367015625 0.21101837968749998 0.5862367015625 0.22803506875
0 0.7237086015624999 0.0650130703125 0.7087986234375 0.0690045890625 0.6986471375 0.0840663265625 0.6986471375 0.101293109375 0.702453915625 0.118309834375 0.7107020265624999 0.1283938890625 0.735763490625 0.130494659375 0.7271981671875001 0.1388979921875 0.6973781984375 0.1552844671875 0.6742201359375 0.16221720625 0.6405933421875 0.17566253125 0.6199731421875 0.19414990000000001 0.612359534375 0.2105363578125 0.612359534375 0.23784714375 0.6187041984375 0.255494134375 0.6320280203124999 0.27272097031250003 0.6386899406250001 0.2775528859375 0.6469380046875 0.28196461093749997 0.662799696875 0.283225109375 0.6913507546875 0.28931752187500004 0.71736390625 0.2897377109375 0.74706843125 0.2920486125 0.760392253125 0.288477178125 0.7749850125 0.28007384687500003 0.789894996875 0.2693596125 0.7971913796875 0.2594857046875 0.8051221999999999 0.22986398281249998 0.8305652703125 0.2124270875 0.8553095140625 0.202553196875 0.88290885 0.19751118750000002 0.9022601218749999 0.20276325625 0.9276388171875001 0.21473802343749998 0.9447694625 0.2155783328125 0.9777617734374999 0.20360361875000002 0.9841064562499999 0.18868771875 0.9938388515625001 0.178985203125 0.99774406875 0.08434073125 0.9432503156250001 0.07635751874999999 0.8909067203125 0.05850045 0.8655280171875 0.0435845328125 0.809044521875 0.038332446874999995 0.786520909375 0.0414836921875 0.760190478125 0.050727367187500004 0.741156471875 0.055559335937499996 0.7237086015624999 0.0650130703125
1 0.253373890625 0.036575945312500004 0.207601640625 0.048817298437500004 0.167991009375 0.07330019843749999 0.1547875265625 0.10361195625 0.1363025625 0.1584066140625 0.1380630921875 0.230106159375 0.1512665390625 0.2551717203125 0.1873562578125 0.3018054109375 0.2781482328125 0.0631893859375 0.253373890625 0.036575945312500004
1 0.2079512046875 0.857147759375 0.24580127031250001 0.877550053125 0.275729259375 0.8787158640625 0.29626423125 0.8677947906249999 0.2361187375 0.5779281765625 0.19650810624999998 0.5971645875 0.1736220546875 0.619315621875 0.14105328749999999 0.6676981265624999 0.14105328749999999 0.7020906124999999 0.14105328749999999 0.7440609625 0.15425680625 0.7796191609374999 0.1745022640625 0.827418759375 0.2079512046875 0.857147759375