0 0.2042749203125 0.749423715625 0.21108733750000003 0.7261031359375 0.2211696734375 0.7130870046875 0.221714625 0.6979015562499999 0.2149022765625 0.68786829375 0.2113598015625 0.6764791765625 0.2162647609375 0.6484067609374999 0.22743706874999997 0.6261708968749999 0.233976884375 0.6107142765625 0.24841913437500002 0.6066467156249999 0.2661313953125 0.6001386328125 0.2778487015625 0.589291896875 0.28684104062500004 0.57166586875 0.28547853437500004 0.5486164859375 0.28466105 0.533159853125 0.275668709375 0.5177031984375 0.26476893437500004 0.507127578125 0.23642940937499998 0.5027888671875 0.2132672609375 0.5027888671875 0.1999150296875 0.509025771875 0.18601777656250001 0.5225842218750001 0.18438275937499998 0.53695621875 0.1764804390625 0.5583785875 0.1644906453125 0.5748442796875 0.1424185375 0.5840640421875001 0.13042872187500001 0.5805388390624999 0.12225384375 0.5696920624999999 0.1089015890625 0.563997509375 0.09800176875 0.5653533546875 0.0925518578125 0.5778271484374999 0.0849220015625 0.591385603125 0.07756465625 0.6160620203125 0.07402220312499999 0.6323321765625 0.07810960781250001 0.6510440749999999 0.09500433750000001 0.6675854046875 0.10781159375 0.689007784375 0.1157139828125 0.7147688703124999 0.120874475 0.73753663125 0.12388883749999999 0.7715249625 0.2042749203125 0.7629822046875 0.2042749203125 0.749423715625
4 0.20236746249999998 0.48923755625 0.2053649390625 0.4971014578125 0.2268920703125 0.49222041250000004 0.2760351734375 0.49346531875000005 0.2666763703125 0.4873393453125 0.2470566734375 0.4873393453125 0.2222596234375 0.4873393453125 0.20236746249999998 0.48923755625
5 0.31490805625 0.5765336640625 0.3179054421875 0.5648733984375001 0.30428069999999996 0.5282655359375 0.2962247578125 0.5213698124999999 0.30073829375 0.542908671875 0.302100753125 0.5659580671875 0.3070056671875 0.5835840828125 0.31490805625 0.5765336640625
2 0.32498130468749997 0.6630422578124999 0.3386060234375 0.66466925 0.37157804375 0.6587035125 0.377845415625 0.6456873812499999 0.377845415625 0.6302307500000001 0.363130678125 0.6023003203124999 0.35468329062500004 0.5909112140625 0.3375161203125 0.587386 0.3175359859375 0.5849920609375 0.3119015609375 0.602842665625 0.310266521875 0.623180365625 0.315443990625 0.647043234375 0.32498130468749997 0.6630422578124999
3 0.4413367703125 0.666838634375 0.4476041890625 0.65924588125 0.4476041890625 0.635925325 0.4489666953125 0.6174858125 0.45005660000000003 0.6004021203125001 0.44051932968749996 0.5963345828125 0.430982015625 0.5903688687499999 0.41381477499999997 0.5868436765625 0.39941596874999996 0.5849920609375 0.40754740156249997 0.674431340625 0.417902203125 0.671990840625 0.4413367703125 0.666838634375
3 0.4555588765625 0.639450528125 0.4558313421875 0.653822490625 0.46373373124999995 0.6706349875 0.49888562812500004 0.677143046875 0.5106029125 0.5909112140625 0.477630984375 0.5941652328125 0.4569213375 0.6058255124999999 0.4555588765625 0.624265046875 0.4555588765625 0.639450528125
2 0.57273185 0.6728043484375 0.596166440625 0.6684656265625 0.604341271875 0.655991828125 0.6106086453125 0.6337559515625 0.6057037328125 0.6074525375000001 0.6013437953125 0.5928093921875 0.579544221875 0.591182365625 0.5448557546874999 0.606943596875 0.5337649921875001 0.6313154296875 0.5351274515625 0.6505684609375 0.5547471484375001 0.663313396875 0.57273185 0.6728043484375
5 0.6157861140625001 0.589290978125 0.6187834999999999 0.5667839406249999 0.6280483953125 0.5261085343749999 0.608973675 0.5551236625 0.608701209375 0.5787153921875 0.6157861140625001 0.589290978125
0 0.7979864671875 0.734629353125 0.8028913796875001 0.71998620625 0.8137911546875 0.6879882281249999 0.83559084375 0.659911009375 0.840495709375 0.6311670390625 0.8353182875 0.602423103125 0.8271434781250001 0.586424125 0.8203311296875 0.5723233234375 0.8083412671874999 0.5668999328125001 0.78272673125 0.573950328125 0.7740069015625 0.5831700828125 0.7693745 0.5869664484375 0.7617446203125 0.5869664484375 0.7516622625 0.5812719078125 0.739127446875 0.56120536875 0.7331326078125 0.5343596265625 0.7257752390625 0.5216146671875 0.7004331453125 0.5091408640624999 0.678906059375 0.5094120375 0.65601644375 0.5140219203124999 0.642391678125 0.5254110375 0.6309468593750001 0.554426146875 0.62713194375 0.5790844546875 0.638576715625 0.5953546125 0.6524740140625 0.6053878687500001 0.6712761796875 0.6143364578125 0.6870809125 0.6276237625000001 0.696073253125 0.641453403125 0.7047931046875 0.6730901203124999 0.7004331453125 0.70074939375 0.6930757984375 0.7102403109375001 0.697163203125 0.721629421875 0.7135129578125 0.744678828125 0.7197803078125 0.7636606625 0.79662400625 0.7717795375 0.79662400625 0.7598480859375 0.7979864671875 0.734629353125
4 0.7156928796875001 0.5009595906250001 0.707790559375 0.498790240625 0.689533346875 0.492824515625 0.6791785234375001 0.4966208859375 0.6656193828125 0.4983020984375 0.6977082 0.49987492031249997 0.7132404703125 0.5071964890625 0.7156928796875001 0.5009595906250001
1 0.7849067 0.2515789765625 0.75275228125 0.24534207187499998 0.7178728484375 0.23937634531250002 0.6745460984375 0.23747816875 0.6451166453125 0.2426303875 0.623861978125 0.2589005265625 0.6028798453124999 0.2895426734375 0.8566726750000001 0.3275265921875 0.8571179296875 0.31286323125000004 0.8445831374999999 0.2789670640625 0.8127012515625 0.25700235 0.7849067 0.2515789765625
1 0.316864659375 0.24881661406250002 0.2923401421875 0.23552932656249997 0.265090590625 0.23552932656249997 0.2525558203125 0.2368851734375 0.22176386250000002 0.235258159375 0.194786796875 0.237156340625 0.1694447703125 0.2420373921875 0.1490076125 0.24637609062500002 0.12911542812500001 0.25478233906250003 0.106225859375 0.263730928125 0.08742365937499999 0.277831740625 0.0797937921875 0.2946442375 0.07600873124999999 0.311900075 0.3509265828125 0.2816281171875 0.3356668703125 0.2642732625 0.316864659375 0.24881661406250002