0 0.3515932390625 0.2162647609375 0.373829103125 0.22743706874999997 0.3892857234375 0.233976884375 0.393353284375 0.24841913437500002 0.3998613671875 0.2661313953125 0.410708103125 0.2778487015625 0.42833413125 0.28684104062500004 0.4513835140625 0.28547853437500004 0.466840146875 0.28466105 0.48229680156250004 0.275668709375 0.492872421875 0.26476893437500004 0.4972111328125 0.23642940937499998 0.4972111328125 0.2132672609375 0.49097422812499997 0.1999150296875 0.47741577812499997 0.18601777656250001 0.46304378125 0.18438275937499998 0.4416214125 0.1764804390625 0.42515572031250004 0.1644906453125 0.4159359578125 0.1424185375 0.4194611609375 0.13042872187500001 0.4303079375 0.12225384375 0.43600249062499996 0.1089015890625 0.4346466453125 0.09800176875 0.4221728515625 0.0925518578125 0.408614396875 0.0849220015625 0.3839379796875 0.07756465625 0.36766782343750004 0.07402220312499999 0.348955925 0.07810960781250001 0.3324145953125 0.09500433750000001 0.310992215625 0.10781159375 0.2852311296875 0.1157139828125 0.26246336875 0.120874475 0.22847503749999998 0.12388883749999999 0.23701779531249997 0.2042749203125 0.250576284375 0.2042749203125 0.2738968640625 0.21108733750000003 0.2869129953125 0.2211696734375 0.30209844375 0.221714625 0.31213170625000003 0.2149022765625 0.3235208234375 0.2113598015625 0.3515932390625 0.2162647609375
4 0.5126606546875 0.2222596234375 0.51076244375 0.20236746249999998 0.5028985421875001 0.2053649390625 0.5077795875 0.2268920703125 0.50653468125 0.2760351734375 0.5126606546875 0.2666763703125 0.5126606546875 0.2470566734375 0.5126606546875 0.2222596234375
5 0.41641591718750004 0.3070056671875 0.42346633593750005 0.31490805625 0.4351266015625 0.3179054421875 0.47173446406249997 0.30428069999999996 0.4786301875 0.2962247578125 0.45709132812500003 0.30073829375 0.4340419328125 0.302100753125 0.41641591718750004 0.3070056671875
2 0.4090887859375 0.35468329062500004 0.41261400000000004 0.3375161203125 0.4150079390625 0.3175359859375 0.397157334375 0.3119015609375 0.376819634375 0.310266521875 0.352956765625 0.315443990625 0.33695774218749996 0.32498130468749997 0.33533075 0.3386060234375 0.3412964875 0.37157804375 0.35431261875 0.377845415625 0.36976925 0.377845415625 0.3976996796875 0.363130678125 0.4090887859375 0.35468329062500004
3 0.40963113125 0.430982015625 0.41315632343750003 0.41381477499999997 0.4150079390625 0.39941596874999996 0.325568659375 0.40754740156249997 0.32800915937499997 0.417902203125 0.333161365625 0.4413367703125 0.34075411875 0.4476041890625 0.364074675 0.4476041890625 0.3825141875 0.4489666953125 0.3995978796875 0.45005660000000003 0.4036654171875 0.44051932968749996 0.40963113125 0.430982015625
3 0.3941744875 0.4569213375 0.375734953125 0.4555588765625 0.360549471875 0.4555588765625 0.346177509375 0.4558313421875 0.3293650125 0.46373373124999995 0.32285695312499996 0.49888562812500004 0.4090887859375 0.5106029125 0.40583476718749995 0.477630984375 0.3941744875 0.4569213375
2 0.40881763437499996 0.579544221875 0.393056403125 0.5448557546874999 0.3686845703125 0.5337649921875001 0.3494315390625 0.5351274515625 0.336686603125 0.5547471484375001 0.32719565156249997 0.57273185 0.3315343734375 0.596166440625 0.344008171875 0.604341271875 0.36624404843749997 0.6106086453125 0.3925474625 0.6057037328125 0.4071906078125 0.6013437953125 0.40881763437499996 0.579544221875
5 0.433216059375 0.6187834999999999 0.47389146562500006 0.6280483953125 0.44487633750000005 0.608973675 0.4212846078125 0.608701209375 0.41070902187499997 0.6157861140625001 0.433216059375 0.6187834999999999
0 0.413575875 0.8271434781250001 0.4276766765625 0.8203311296875 0.43310006718749994 0.8083412671874999 0.426049671875 0.78272673125 0.41682991718749995 0.7740069015625 0.4130335515625 0.7693745 0.4130335515625 0.7617446203125 0.41872809218749996 0.7516622625 0.43879463124999996 0.739127446875 0.4656403734375 0.7331326078125 0.47838533281249995 0.7257752390625 0.4908591359375 0.7004331453125 0.4905879625 0.678906059375 0.48597807968750006 0.65601644375 0.47458896250000004 0.642391678125 0.445573853125 0.6309468593750001 0.4209155453125 0.62713194375 0.4046453875 0.638576715625 0.39461213125 0.6524740140625 0.3856635421875 0.6712761796875 0.37237623750000004 0.6870809125 0.358546596875 0.696073253125 0.32690987968749996 0.7047931046875 0.29925060625 0.7004331453125 0.2897596890625 0.6930757984375 0.278370578125 0.697163203125 0.25532117187500003 0.7135129578125 0.23633933749999997 0.7197803078125 0.2282204625 0.79662400625 0.2401519140625 0.79662400625 0.265370646875 0.7979864671875 0.28001379375 0.8028913796875001 0.312011771875 0.8137911546875 0.34008899062500003 0.83559084375 0.3688329609375 0.840495709375 0.39757689687500003 0.8353182875 0.413575875 0.8271434781250001
4 0.4928035109375 0.7132404703125 0.49904040937499994 0.7156928796875001 0.501209759375 0.707790559375 0.507175484375 0.689533346875 0.5033791140625 0.6791785234375001 0.5016979015625 0.6656193828125 0.5001250796875001 0.6977082 0.4928035109375 0.7132404703125
1 0.7104573265624999 0.6028798453124999 0.6724734078125 0.8566726750000001 0.6871367687500001 0.8571179296875 0.7210329359375 0.8445831374999999 0.7429976500000001 0.8127012515625 0.7484210234375 0.7849067 0.754657928125 0.75275228125 0.7606236546875 0.7178728484375 0.7625218312500001 0.6745460984375 0.7573696125 0.6451166453125 0.7410994734374999 0.623861978125 0.7104573265624999 0.6028798453124999
1 0.7579626078125 0.1694447703125 0.753623909375 0.1490076125 0.7452176609375 0.12911542812500001 0.736269071875 0.106225859375 0.722168259375 0.08742365937499999 0.7053557625 0.0797937921875 0.6880999250000001 0.07600873124999999 0.7183718828125001 0.3509265828125 0.7357267375000001 0.3356668703125 0.7511833859375 0.316864659375 0.7644706734375 0.2923401421875 0.7644706734375 0.265090590625 0.7631148265625 0.2525558203125 0.764741840625 0.22176386250000002 0.762843659375 0.194786796875 0.7579626078125 0.1694447703125