0 0.7803554765625 0.7121353625 0.734839584375 0.7048035375 0.702398421875 0.6925837921875 0.6742828000000001 0.6736431171875 0.6609458984375001 0.6330125015625 0.6115142484375 0.6223201328125 0.577991715625 0.6339288796875 0.546992446875 0.6427882859375 0.531132371875 0.6721156406250001 0.5289696312500001 0.6880014125 0.5271673390625 0.70541448125 0.5412204390625 0.729548509375 0.5617664765625 0.7509330921874999 0.5963703421875 0.76223640625 0.6226836921875 0.764985825 0.638543796875 0.772012165625 0.6497179734375 0.7863704078125 0.6378228874999999 0.7915638109375001 0.616916371875 0.7924802921875 0.6111490609375 0.8068384843749999 0.612230453125 0.8187527671874999 0.6183582125 0.8352494328125 0.62736965 0.8434977921875 0.6585236671875 0.8587724640625 0.675465140625 0.8673263078125 0.6895229515625 0.8716032296874999 0.7252081718750001 0.8716032296874999 0.7547656468749999 0.8716032296874999 0.7648584390625001 0.859688971875 0.7792767125 0.845941725 0.8146014921875 0.8257791328125 0.843077590625 0.8126428828125001 0.8829545015625 0.8020333796875001 0.8964387171875 0.7170232546875 0.8769578890625 0.71121890625 0.8672255281249999 0.708164003125 0.8535282234375 0.6928892265625 0.83550535 0.6858628859375 0.8236102796875 0.6849464046875 0.8127965625 0.682502471875 0.8001806 0.68677936875 0.7803554765625 0.7121353625
4 0.53409845625 0.76223640625 0.5402261859374999 0.7491001546875 0.526528865625 0.7350474484375 0.5222033859375 0.6980827078125 0.515985346875 0.6658071859375 0.5092269453125 0.712440846875 0.520040646875 0.7436012671875 0.53409845625 0.76223640625
5 0.6568938046875 0.6107068171875001 0.6633820390625 0.593904615625 0.647882396875 0.5914607078125 0.5995811765625 0.5994035046875 0.5696632312500001 0.6097903109375 0.59813934375 0.609179340625 0.644277825 0.609179340625 0.6568938046875 0.6107068171875001
2 0.7049116171875001 0.5411648453125 0.6916283671875 0.55089618125 0.6790204921874999 0.5629172453125 0.6677634671875 0.578182125 0.6637109531250001 0.581998340625 0.6701104734375 0.585485778125 0.6774444984375 0.5854329296875 0.6934294484375 0.581998340625 0.7125663953125 0.570549725 0.7267502453125 0.5623448625 0.738457528125 0.552613509375 0.7393581015625 0.5436453921875 0.7317033046875 0.5331508031250001 0.729226775 0.53124271875 0.7184200281249999 0.5310518656250001 0.7049116171875001 0.5411648453125
3 0.746399671875 0.4951728359375 0.7457242500000001 0.49021177343750005 0.7288386984375 0.4804804359375 0.71735656875 0.47284798749999996 0.6869626156249999 0.47342041874999996 0.6721033640625 0.47418368906249997 0.6707525234375 0.49536364062500005 0.6614611203125 0.5069444125 0.746399671875 0.4951728359375
3 0.6608463578125 0.4322053296875 0.6633228875 0.43850207656249995 0.6685011078125 0.4552934296875 0.6781821578125 0.4598728671875 0.701371609375 0.46311669999999994 0.71442974375 0.4642615140625 0.7216342453125 0.45891880937499996 0.7279381640625 0.45510259218750004 0.7405460203125 0.4509047828125 0.752703590625 0.4322053296875 0.6608463578125 0.4322053296875
2 0.7067641328125001 0.359592540625 0.6874020609375 0.353105003125 0.666013728125 0.3500519921875 0.6540813015625 0.3508152453125 0.6614611203125 0.361119278125 0.6799107984375 0.3771471140625 0.6943197734375001 0.397945471875 0.706252209375 0.40500545624999995 0.72066119375 0.4072952140625 0.731467921875 0.40557788749999996 0.7352952921875 0.397945471875 0.742561421875 0.38401630937500003 0.73918431875 0.3769562921875 0.7222987953125 0.36665254062499997 0.7067641328125001 0.359592540625
5 0.6406044234375 0.3468881953125 0.659071934375 0.33816434375000004 0.639920634375 0.3271312421875 0.6238750546875 0.3322629171875 0.582701446875 0.3322629171875 0.55549821875 0.328185571875 0.59065120625 0.33739459374999997 0.6406044234375 0.3468881953125
4 0.5192029578125 0.25066938437499997 0.521927684375 0.222188621875 0.529193603125 0.20243166875 0.536459528125 0.183444465625 0.522230428125 0.18472736875 0.5140562640625 0.20037897343750002 0.5116342953124999 0.230399278125 0.5080622984375001 0.2588318609375 0.5192029578125 0.25066938437499997
0 0.7059896015625 0.070402075 0.6669352609375 0.0701454765625 0.6584583515625 0.0801522734375 0.630000140625 0.09067218125 0.6124408453125 0.10185088906249999 0.604569425 0.11647618906249999 0.598817234375 0.131358 0.6015419546875 0.14008189375 0.6051749015625 0.14752275625 0.620615003125 0.1526544109375 0.639385315625 0.15650316250000001 0.6281836734375 0.1683060140625 0.6042666734375 0.1726679609375 0.5812579390625 0.1780562140625 0.557946415625 0.187549815625 0.5394788609375001 0.2034579734375 0.5273689984375001 0.22501098281249998 0.5258552640625 0.2473337859375 0.531304709375 0.2706828703125 0.5491667687499999 0.294031978125 0.5752029734375 0.3050650578125 0.61462313125 0.31404548593750004 0.6339989187499999 0.3099401796875 0.6654845890625001 0.291979303125 0.67214499375 0.26529461875 0.686627965625 0.2509259390625 0.6941966421875 0.24425482656250003 0.7302235015625 0.228089984375 0.7638283875 0.22885973437499998 0.7780575 0.23835335781250003 0.800460771875 0.248360090625 0.8243777578125 0.25066938437499997 0.8510194515625 0.2334782359375 0.8678685015625 0.21799414375 0.8991215578125 0.216141546875 0.9021490406250001 0.1360874921875 0.8733880781250001 0.13018604375 0.8328199984375001 0.12300169375 0.8077243390625 0.11402133125 0.7847156046875 0.1058106328125 0.7562573796875001 0.0814352203125 0.7417255296875 0.07065871562500001 0.7059896015625 0.070402075
1 0.15452653593750001 0.296195665625 0.1784435234375 0.32339348125 0.2247637609375 0.3418674984375 0.2659741640625 0.06734908125 0.24080934062499998 0.07194161875 0.2111401765625 0.07938248125 0.187525921875 0.093494584375 0.16239794375 0.10504083906249999 0.13212326875 0.1345479484375 0.11607768593750001 0.1584102734375 0.10941726249999999 0.2130625671875 0.10941726249999999 0.233332671875 0.12879305624999998 0.27182018750000003 0.15452653593750001 0.296195665625
1 0.130574821875 0.819434440625 0.156611046875 0.8394479703125001 0.18688573125000002 0.8568956296874999 0.21945093125 0.870341484375 0.1968763703125 0.6169899796875 0.1696291609375 0.6313586812499999 0.14177645781249998 0.6531682875 0.120584178125 0.680366125 0.11574023124999999 0.697300653125 0.11180452656249999 0.7286038390625 0.11180452656249999 0.7676045499999999 0.11967594374999999 0.7950589859375 0.130574821875 0.819434440625