0 0.291835996875 0.8672255281249999 0.3071107734375 0.8535282234375 0.3141371140625 0.83550535 0.3150535953125 0.8236102796875 0.317497528125 0.8127965625 0.31322063125 0.8001806 0.2878646375 0.7803554765625 0.2951964625 0.734839584375 0.3074162078125 0.702398421875 0.32635688281249997 0.6742828000000001 0.3669874984375 0.6609458984375001 0.3776798671875 0.6115142484375 0.3660711203125 0.577991715625 0.3572117140625 0.546992446875 0.327884359375 0.531132371875 0.3119985875 0.5289696312500001 0.29458551875 0.5271673390625 0.270451490625 0.5412204390625 0.2490669078125 0.5617664765625 0.23776359375 0.5963703421875 0.23501417500000002 0.6226836921875 0.227987834375 0.638543796875 0.2136295921875 0.6497179734375 0.2084361890625 0.6378228874999999 0.2075197078125 0.616916371875 0.193161515625 0.6111490609375 0.1812472328125 0.612230453125 0.1647505671875 0.6183582125 0.1565022078125 0.62736965 0.14122753593749998 0.6585236671875 0.1326736921875 0.675465140625 0.12839677031250002 0.6895229515625 0.12839677031250002 0.7252081718750001 0.12839677031250002 0.7547656468749999 0.14031102812500001 0.7648584390625001 0.154058275 0.7792767125 0.17422086718750002 0.8146014921875 0.1873571171875 0.843077590625 0.1979666203125 0.8829545015625 0.2829767453125 0.8964387171875 0.28878109375 0.8769578890625 0.291835996875 0.8672255281249999
4 0.2508998453125 0.5402261859374999 0.2649525515625 0.526528865625 0.3019172921875 0.5222033859375 0.3341928140625 0.515985346875 0.287559153125 0.5092269453125 0.25639873281250003 0.520040646875 0.23776359375 0.53409845625 0.2508998453125 0.5402261859374999
5 0.40609538437500003 0.6633820390625 0.4085392921875 0.647882396875 0.40059649531249997 0.5995811765625 0.39020968906250003 0.5696632312500001 0.390820659375 0.59813934375 0.390820659375 0.644277825 0.3892931828125 0.6568938046875 0.40609538437500003 0.6633820390625
2 0.4376551375 0.7267502453125 0.447386490625 0.738457528125 0.45635460781250003 0.7393581015625 0.466849196875 0.7317033046875 0.46875728125 0.729226775 0.468948134375 0.7184200281249999 0.45883515468749997 0.7049116171875001 0.44910381875 0.6916283671875 0.43708275468749996 0.6790204921874999 0.421817875 0.6677634671875 0.41800165937499995 0.6637109531250001 0.41451422187500003 0.6701104734375 0.4145670703125 0.6774444984375 0.41800165937499995 0.6934294484375 0.42945027500000005 0.7125663953125 0.4376551375 0.7267502453125
3 0.5195195640625 0.7288386984375 0.5271520125 0.71735656875 0.52657958125 0.6869626156249999 0.5258163109375 0.6721033640625 0.504636359375 0.6707525234375 0.49305558749999995 0.6614611203125 0.5048271640625 0.746399671875 0.5097882265625 0.7457242500000001 0.5195195640625 0.7288386984375
3 0.5368833000000001 0.701371609375 0.5357384859375001 0.71442974375 0.541081190625 0.7216342453125 0.5448974078125 0.7279381640625 0.5490952171875 0.7405460203125 0.5677946703125001 0.752703590625 0.5677946703125001 0.6608463578125 0.5614979234375 0.6633228875 0.5447065703125 0.6685011078125 0.5401271328125 0.6781821578125 0.5368833000000001 0.701371609375
2 0.5927047859375 0.72066119375 0.5944221125 0.731467921875 0.602054528125 0.7352952921875 0.615983690625 0.742561421875 0.6230437078125 0.73918431875 0.633347459375 0.7222987953125 0.640407459375 0.7067641328125001 0.646894996875 0.6874020609375 0.6499480078125 0.666013728125 0.6491847546875 0.6540813015625 0.638880721875 0.6614611203125 0.6228528859375 0.6799107984375 0.602054528125 0.6943197734375001 0.59499454375 0.706252209375 0.5927047859375 0.72066119375
5 0.66183565625 0.659071934375 0.6728687578125 0.639920634375 0.6677370828125 0.6238750546875 0.6677370828125 0.582701446875 0.671814428125 0.55549821875 0.66260540625 0.59065120625 0.6531118046875 0.6406044234375 0.66183565625 0.659071934375
4 0.79756833125 0.529193603125 0.8165555343750001 0.536459528125 0.81527263125 0.522230428125 0.7996210265625 0.5140562640625 0.7696007218750001 0.5116342953124999 0.7411681390625 0.5080622984375001 0.749330615625 0.5192029578125 0.777811378125 0.521927684375 0.79756833125 0.529193603125
0 0.86981395625 0.8733880781250001 0.87699830625 0.8328199984375001 0.88597866875 0.8077243390625 0.8941893671875001 0.7847156046875 0.9185647796874999 0.7562573796875001 0.929341284375 0.7417255296875 0.929597925 0.7059896015625 0.9298545234375 0.6669352609375 0.9198477265625 0.6584583515625 0.9093278187499999 0.630000140625 0.8981491109374999 0.6124408453125 0.8835238109375 0.604569425 0.868642 0.598817234375 0.85991810625 0.6015419546875 0.8524772437499999 0.6051749015625 0.8473455890625001 0.620615003125 0.8434968375 0.639385315625 0.8316939859374999 0.6281836734375 0.8273320390625001 0.6042666734375 0.8219437859375001 0.5812579390625 0.812450184375 0.557946415625 0.7965420265625001 0.5394788609375001 0.7749890171875 0.5273689984375001 0.7526662140625 0.5258552640625 0.7293171296875001 0.531304709375 0.705968021875 0.5491667687499999 0.6949349421875 0.5752029734375 0.6859545140625001 0.61462313125 0.6900598203125 0.6339989187499999 0.708020696875 0.6654845890625001 0.73470538125 0.67214499375 0.7490740609375 0.686627965625 0.7557451734375 0.6941966421875 0.771910015625 0.7302235015625 0.7711402656249999 0.7638283875 0.7616466421875 0.7780575 0.7516399093749999 0.800460771875 0.749330615625 0.8243777578125 0.7665217640625 0.8510194515625 0.78200585625 0.8678685015625 0.783858453125 0.8991215578125 0.8639125078125 0.9021490406250001 0.86981395625 0.8733880781250001
1 0.8949591609375 0.16239794375 0.8654520515625 0.13212326875 0.8415897265625001 0.11607768593750001 0.7869374328125 0.10941726249999999 0.7666673281249999 0.10941726249999999 0.7281798125 0.12879305624999998 0.703804334375 0.15452653593750001 0.67660651875 0.1784435234375 0.6581325015624999 0.2247637609375 0.93265091875 0.2659741640625 0.92805838125 0.24080934062499998 0.92061751875 0.2111401765625 0.906505415625 0.187525921875 0.8949591609375 0.16239794375
1 0.3468317125 0.14177645781249998 0.31963387499999996 0.120584178125 0.302699346875 0.11574023124999999 0.2713961609375 0.11180452656249999 0.23239545 0.11180452656249999 0.2049410140625 0.11967594374999999 0.18056555937500002 0.130574821875 0.1605520296875 0.156611046875 0.1431043703125 0.18688573125000002 0.129658515625 0.21945093125 0.38301002031250003 0.1968763703125 0.36864131875 0.1696291609375 0.3468317125 0.14177645781249998