0 0.75816415 0.8049488390624999 0.7424738343749999 0.791047925 0.7192289625 0.7511386921875001 0.7192289625 0.721991421875 0.6843617046875 0.7031578953125 0.6518189015625 0.6932927453125 0.608234828125 0.7013642734375 0.5826655 0.712126234375 0.56058288125 0.7237851578125001 0.542568128125 0.7547260890625 0.5477982046875 0.7852185 0.555933903125 0.8053972437500001 0.5878955765625 0.8282666093750001 0.6041669734374999 0.8305086765624999 0.6367097515625 0.8497906828125 0.6436832031249999 0.8905968015625 0.6256684453125 0.8914936140625 0.6186950046875 0.9004619515625001 0.6152082796875 0.914811384375 0.6186950046875 0.934541759375 0.6355475046875 0.950684815625 0.6768071234375 0.9695184171875001 0.707025446875 0.97803835 0.7506095203125 0.97803835 0.770367665625 0.9735541812499999 0.7959370046875 0.960101671875 0.8255741999999999 0.9470974953125 0.8656715234375 0.9390259671875001 0.8912408140625001 0.9367838640624999 0.98477771875 0.9305060718749999 0.9894503890624999 0.834544440625 0.9510964046874999 0.8354413640624999 0.9046066125 0.8381317984375001 0.8831051999999999 0.8201950828125 0.8552113453124999 0.8027067359375 0.836034328125 0.8080878281249999 0.8046538203125 0.8166077250000001 0.75816415 0.8049488390624999
4 0.5432407593749999 0.7299531625 0.552794984375 0.6989558625 0.5479915015625 0.7085388765625 0.5346256781250001 0.73544408125 0.5171920484375 0.7632459093749999 0.5241655015625 0.7959804625 0.535483165625 0.808215659375 0.5403675812500001 0.8051117250000001 0.532322690625 0.7969085875 0.5260016937499999 0.7769549796875 0.52801291875 0.75722314375 0.5432407593749999 0.7299531625
5 0.6860750578125 0.6725656343749999 0.698717053125 0.671900515625 0.6877989859375 0.6643624609375001 0.6570559953124999 0.6648058984375 0.6208540015625 0.6665795390625 0.588674440625 0.672122196875 0.58198371875 0.6801998859375 0.6383803593749999 0.6756694953125 0.6860750578125 0.6725656343749999
2 0.737483315625 0.5916426953125 0.7254159625 0.6025063484375 0.7156471796874999 0.618469165625 0.70415446875 0.641304990625 0.7009939703125 0.6614803 0.710103978125 0.66651106875 0.7334608640625 0.663475621875 0.7581701765625 0.6581546828125 0.776271159375 0.645739109375 0.7900623921875 0.636870815625 0.7909243453125 0.62534208125 0.7854653234375 0.6045016515625 0.778282396875 0.59385971875 0.7679389484375 0.5916426953125 0.7538604046875 0.5916426953125 0.737483315625 0.5916426953125
3 0.6900759140625 0.5204748343750001 0.6892139625 0.53133843125 0.688352009375 0.55461765625 0.68763365625 0.5697767609375 0.824827834375 0.5614906093750001 0.810461934375 0.5453059812500001 0.793222915625 0.51870115625 0.7670770203124999 0.51781431875 0.7481140609375 0.516484078125 0.7259906046875 0.5151538765625 0.7047291109375 0.5167057984375 0.690937865625 0.5182577937499999 0.6900759140625 0.5204748343750001
3 0.6960495984375 0.4940434296875 0.697198859375 0.5055721828124999 0.71817304375 0.506237303125 0.7549496859375 0.5075675421875 0.7828194625 0.5102280203125 0.7925882453125 0.5035768046875 0.8083907390625 0.4896092921875 0.8170102609375001 0.47231619843750006 0.692758465625 0.464220771875 0.6960495984375 0.4940434296875
2 0.707254975 0.3672272328125 0.71041545 0.3942754578125 0.7246899765625 0.40916130781250004 0.7388599046875 0.42819654375000005 0.7575355421875 0.43196556093750005 0.776785821875 0.430413603125 0.7882785078125 0.42265388593750003 0.7940248390625 0.4077995328125 0.7940248390625 0.3794211421875 0.7753492265624999 0.367892315625 0.741158440625 0.355033359375 0.71300130625 0.3537031578125 0.707254975 0.3672272328125
5 0.6297337 0.345728 0.6737637171874999 0.3552766734375 0.6985125921875001 0.3508354109375 0.700239284375 0.34173088749999997 0.6403814718749999 0.34350736875 0.5923225453125001 0.3375116625 0.555774753125 0.3290733234375 0.5534725234375 0.3315159921875 0.585680321875 0.347277765625 0.6297337 0.345728
0 0.65693995 0.065950109375 0.6370832453124999 0.0817165265625 0.62931326875 0.0903769015625 0.6304643703125 0.1034785765625 0.6278743703125 0.11859256874999999 0.6304643703125 0.13169420625 0.6385221421875 0.137245765625 0.6572277078125001 0.137245765625 0.64945770625 0.15723133281249999 0.6428388328125 0.17521834375 0.618089909375 0.1821023109375 0.5872976750000001 0.18965238906249998 0.5683043343749999 0.20430847187499998 0.5562176484375 0.22296166875 0.54959876875 0.24450171874999999 0.5530521015625001 0.2713711984375 0.5671532125 0.2940215078125 0.58959989375 0.31112029531249996 0.6249965890625 0.3204469125 0.658603146875 0.32710875 0.6891075984375 0.31422918593750004 0.7150076265624999 0.299795140625 0.7276127031249999 0.2731476796875 0.7414260406250001 0.24361344062499998 0.7840171781249999 0.22096315 0.813658303125 0.2118585875 0.833227190625 0.21629981250000002 0.8542349859374999 0.224071984375 0.8853150015625 0.2214072796875 0.906610603125 0.1954259859375 0.949335271875 0.18488149843749999 0.956329284375 0.0914872359375 0.9004090203124999 0.0912651609375 0.8425656921875 0.078607634375 0.8031401125000001 0.0663942203125 0.7844422875 0.052182285937499996 0.7461678109375 0.046408653125 0.7044233125 0.0477410609375 0.6825521828125 0.057067621874999995 0.65693995 0.065950109375
4 0.5485646140625 0.295192803125 0.5516549703125 0.2895665015625 0.5355394046875 0.2527042390625 0.5369782890625 0.2278332796875 0.5433093921875 0.21628605156249997 0.5456116359375 0.20518295156250002 0.534963828125 0.21628605156249997 0.526042725 0.2429335109375 0.5341005062499999 0.267582378125 0.5485646140625 0.295192803125
1 0.0876218 0.28290468281250003 0.1017229046875 0.311106534375 0.1207162640625 0.339086328125 0.1414362546875 0.35618510625 0.15496181874999998 0.36239709531250003 0.20326403750000002 0.093929940625 0.1802418046875 0.0948181625 0.1575073359375 0.09992561093749999 0.14283066718749998 0.111250728125 0.11808176875000001 0.1292377390625 0.10517625 0.1512219 0.09251401875000001 0.17098543125000001 0.0844562234375 0.1994093375 0.0746717984375 0.217840515625 0.078988453125 0.241601121875 0.0876218 0.28290468281250003
1 0.0983081140625 0.8547943703125 0.1234540890625 0.88891813125 0.159872409375 0.91434371875 0.18761971093750002 0.927725628125 0.22801247343750003 0.9360600828125 0.1355935484375 0.6647716015625 0.108279803125 0.6748079812500001 0.0939726140625 0.6905316984375001 0.0783647515625 0.7075935921875 0.07446278125 0.7346919234375 0.076630540625 0.7674775609375 0.074896321875 0.7908958390625 0.073162146875 0.8066195546875001 0.0983081140625 0.8547943703125