0 0.1645586359375 0.9510964046874999 0.16186820156249998 0.9046066125 0.1798049171875 0.8831051999999999 0.1972932640625 0.8552113453124999 0.191912171875 0.836034328125 0.183392275 0.8046538203125 0.1950511609375 0.75816415 0.20895207500000001 0.7424738343749999 0.24886130781250002 0.7192289625 0.278008578125 0.7192289625 0.2968421046875 0.6843617046875 0.3067072546875 0.6518189015625 0.29863572656250004 0.608234828125 0.287873765625 0.5826655 0.27621484218750003 0.56058288125 0.2452739109375 0.542568128125 0.21478150000000001 0.5477982046875 0.19460275625 0.555933903125 0.17173339062499998 0.5878955765625 0.1694913234375 0.6041669734374999 0.1502093171875 0.6367097515625 0.10940319843749999 0.6436832031249999 0.10850638593749999 0.6256684453125 0.0995380484375 0.6186950046875 0.08518861562499999 0.6152082796875 0.065458240625 0.6186950046875 0.049315184375 0.6355475046875 0.0304815828125 0.6768071234375 0.02196165 0.707025446875 0.02196165 0.7506095203125 0.02644581875 0.770367665625 0.039898328125 0.7959370046875 0.0529025046875 0.8255741999999999 0.0609740328125 0.8656715234375 0.0632161359375 0.8912408140625001 0.069493928125 0.98477771875 0.165455559375 0.9894503890624999 0.1645586359375 0.9510964046874999
4 0.20401953750000001 0.5241655015625 0.191784340625 0.535483165625 0.194888275 0.5403675812500001 0.20309141249999998 0.532322690625 0.2230450203125 0.5260016937499999 0.24277685624999998 0.52801291875 0.27004683749999997 0.5432407593749999 0.30104413750000003 0.552794984375 0.2914611234375 0.5479915015625 0.26455591875 0.5346256781250001 0.236754090625 0.5171920484375 0.20401953750000001 0.5241655015625
5 0.3356375390625 0.6877989859375 0.3351941015625 0.6570559953124999 0.3334204609375 0.6208540015625 0.327877803125 0.588674440625 0.31980011406250003 0.58198371875 0.3243305046875 0.6383803593749999 0.327434365625 0.6860750578125 0.328099484375 0.698717053125 0.3356375390625 0.6877989859375
2 0.363129184375 0.7900623921875 0.37465791875 0.7909243453125 0.3954983484375 0.7854653234375 0.40614028125 0.778282396875 0.40835730468750003 0.7679389484375 0.40835730468750003 0.7538604046875 0.40835730468750003 0.737483315625 0.3974936515625 0.7254159625 0.381530834375 0.7156471796874999 0.358695009375 0.70415446875 0.3385197 0.7009939703125 0.33348893125 0.710103978125 0.33652437812499997 0.7334608640625 0.3418453171875 0.7581701765625 0.354260890625 0.776271159375 0.363129184375 0.7900623921875
3 0.48129884375 0.793222915625 0.48218568125 0.7670770203124999 0.48351592187500003 0.7481140609375 0.4848461234375 0.7259906046875 0.4832942015625 0.7047291109375 0.48174220625 0.690937865625 0.47952516562499997 0.6900759140625 0.46866156875 0.6892139625 0.44538234374999996 0.688352009375 0.4302232390625 0.68763365625 0.438509390625 0.824827834375 0.45469401875 0.810461934375 0.48129884375 0.793222915625
3 0.4924324578125 0.7549496859375 0.4897719796875 0.7828194625 0.4964231953125 0.7925882453125 0.5103907078125001 0.8083907390625 0.5276838015624999 0.8170102609375001 0.535779228125 0.692758465625 0.5059565703125 0.6960495984375 0.4944278171875 0.697198859375 0.493762696875 0.71817304375 0.4924324578125 0.7549496859375
2 0.5773461140625 0.7882785078125 0.5922004671875001 0.7940248390625 0.6205788578125 0.7940248390625 0.632107684375 0.7753492265624999 0.6449666406250001 0.741158440625 0.6462968421874999 0.71300130625 0.6327727671875001 0.707254975 0.6057245421874999 0.71041545 0.5908386921875 0.7246899765625 0.57180345625 0.7388599046875 0.5680344390625 0.7575355421875 0.569586396875 0.776785821875 0.5773461140625 0.7882785078125
5 0.6582691125 0.700239284375 0.65649263125 0.6403814718749999 0.6624883374999999 0.5923225453125001 0.6709266765625 0.555774753125 0.6684840078125001 0.5534725234375 0.652722234375 0.585680321875 0.654272 0.6297337 0.6447233265625 0.6737637171874999 0.6491645890625 0.6985125921875001 0.6582691125 0.700239284375
0 0.9213923656249999 0.8425656921875 0.9336057796875 0.8031401125000001 0.9478177140625 0.7844422875 0.9535913468749999 0.7461678109375 0.9522589390625 0.7044233125 0.942932378125 0.6825521828125 0.934049890625 0.65693995 0.9182834734374999 0.6370832453124999 0.9096230984375 0.62931326875 0.8965214234375001 0.6304643703125 0.8814074312500001 0.6278743703125 0.8683057937499999 0.6304643703125 0.8627542343749999 0.6385221421875 0.8627542343749999 0.6572277078125001 0.8427686671875 0.64945770625 0.8247816562500001 0.6428388328125 0.8178976890625 0.618089909375 0.8103476109375001 0.5872976750000001 0.795691528125 0.5683043343749999 0.77703833125 0.5562176484375 0.75549828125 0.54959876875 0.7286288015625 0.5530521015625001 0.7059784921875 0.5671532125 0.6888797046875 0.58959989375 0.6795530875 0.6249965890625 0.6728912499999999 0.658603146875 0.6857708140625001 0.6891075984375 0.700204859375 0.7150076265624999 0.7268523203125 0.7276127031249999 0.756386559375 0.7414260406250001 0.77903685 0.7840171781249999 0.7881414125 0.813658303125 0.7837001875 0.833227190625 0.775928015625 0.8542349859374999 0.7785927203125 0.8853150015625 0.8045740140625 0.906610603125 0.8151185015625 0.949335271875 0.9085127640625 0.956329284375 0.9087348390625 0.9004090203124999 0.9213923656249999 0.8425656921875
4 0.7721667203125 0.5369782890625 0.7837139484375 0.5433093921875 0.7948170484375 0.5456116359375 0.7837139484375 0.534963828125 0.7570664890625001 0.526042725 0.732417621875 0.5341005062499999 0.704807196875 0.5485646140625 0.7104334984375 0.5516549703125 0.7472957609375 0.5355394046875 0.7721667203125 0.5369782890625
1 0.8707622609375001 0.11808176875000001 0.8487781 0.10517625 0.8290145687500001 0.09251401875000001 0.8005906625 0.0844562234375 0.7821594843749999 0.0746717984375 0.7583988781250001 0.078988453125 0.7170953171875001 0.0876218 0.688893465625 0.1017229046875 0.660913671875 0.1207162640625 0.64381489375 0.1414362546875 0.6376029046875 0.15496181874999998 0.906070059375 0.20326403750000002 0.9051818375 0.1802418046875 0.9000743890624999 0.1575073359375 0.888749271875 0.14283066718749998 0.8707622609375001 0.11808176875000001
1 0.3094683015625 0.0939726140625 0.2924064078125 0.0783647515625 0.2653080765625 0.07446278125 0.23252243906249997 0.076630540625 0.2091041609375 0.074896321875 0.1933804453125 0.073162146875 0.1452056296875 0.0983081140625 0.11108186874999999 0.1234540890625 0.08565628125 0.159872409375 0.07227437187499999 0.18761971093750002 0.0639399171875 0.22801247343750003 0.3352283984375 0.1355935484375 0.32519201875000003 0.108279803125 0.3094683015625 0.0939726140625