0 0.24183585000000002 0.1950511609375 0.25752616562499997 0.20895207500000001 0.2807710375 0.24886130781250002 0.2807710375 0.278008578125 0.3156382953125 0.2968421046875 0.3481810984375 0.3067072546875 0.39176517187500004 0.29863572656250004 0.41733450000000005 0.287873765625 0.43941711874999995 0.27621484218750003 0.457431871875 0.2452739109375 0.45220179531250004 0.21478150000000001 0.444066096875 0.19460275625 0.4121044234375 0.17173339062499998 0.39583302656249997 0.1694913234375 0.3632902484375 0.1502093171875 0.356316796875 0.10940319843749999 0.3743315546875 0.10850638593749999 0.3813049953125 0.0995380484375 0.38479172031250003 0.08518861562499999 0.3813049953125 0.065458240625 0.3644524953125 0.049315184375 0.3231928765625 0.0304815828125 0.292974553125 0.02196165 0.2493904796875 0.02196165 0.22963233437500002 0.02644581875 0.2040629953125 0.039898328125 0.17442580000000002 0.0529025046875 0.1343284765625 0.0609740328125 0.1087591859375 0.0632161359375 0.01522228125 0.069493928125 0.010549610937499999 0.165455559375 0.0489035953125 0.1645586359375 0.09539338750000001 0.16186820156249998 0.11689480000000001 0.1798049171875 0.1447886546875 0.1972932640625 0.163965671875 0.191912171875 0.1953461796875 0.183392275 0.24183585000000002 0.1950511609375
4 0.456759240625 0.27004683749999997 0.447205015625 0.30104413750000003 0.4520084984375 0.2914611234375 0.465374321875 0.26455591875 0.4828079515625 0.236754090625 0.47583449843750003 0.20401953750000001 0.464516834375 0.191784340625 0.45963241874999994 0.194888275 0.46767730937499996 0.20309141249999998 0.47399830625000006 0.2230450203125 0.47198708125 0.24277685624999998 0.456759240625 0.27004683749999997
5 0.3139249421875 0.327434365625 0.301282946875 0.328099484375 0.3122010140625 0.3356375390625 0.34294400468749997 0.3351941015625 0.37914599843749996 0.3334204609375 0.411325559375 0.327877803125 0.41801628125 0.31980011406250003 0.36161964062499996 0.3243305046875 0.3139249421875 0.327434365625
2 0.26251668437500003 0.40835730468750003 0.27458403750000004 0.3974936515625 0.2843528203125 0.381530834375 0.29584553125 0.358695009375 0.2990060296875 0.3385197 0.289896021875 0.33348893125 0.2665391359375 0.33652437812499997 0.24182982343749998 0.3418453171875 0.22372884062499998 0.354260890625 0.2099376078125 0.363129184375 0.20907565468749997 0.37465791875 0.21453467656249997 0.3954983484375 0.22171760312500002 0.40614028125 0.23206105156249998 0.40835730468750003 0.2461395953125 0.40835730468750003 0.26251668437500003 0.40835730468750003
3 0.3099240859375 0.47952516562499997 0.3107860375 0.46866156875 0.311647990625 0.44538234374999996 0.31236634375 0.4302232390625 0.175172165625 0.438509390625 0.189538065625 0.45469401875 0.206777084375 0.48129884375 0.2329229796875 0.48218568125 0.2518859390625 0.48351592187500003 0.2740093953125 0.4848461234375 0.2952708890625 0.4832942015625 0.309062134375 0.48174220625 0.3099240859375 0.47952516562499997
3 0.30395040156249997 0.5059565703125 0.302801140625 0.4944278171875 0.28182695625 0.493762696875 0.2450503140625 0.4924324578125 0.2171805375 0.4897719796875 0.2074117546875 0.4964231953125 0.1916092609375 0.5103907078125001 0.1829897390625 0.5276838015624999 0.307241534375 0.535779228125 0.30395040156249997 0.5059565703125
2 0.292745025 0.6327727671875001 0.28958455 0.6057245421874999 0.2753100234375 0.5908386921875 0.2611400953125 0.57180345625 0.2424644578125 0.5680344390625 0.22321417812500002 0.569586396875 0.2117214921875 0.5773461140625 0.2059751609375 0.5922004671875001 0.2059751609375 0.6205788578125 0.2246507734375 0.632107684375 0.25884155937500003 0.6449666406250001 0.28699869375 0.6462968421874999 0.292745025 0.6327727671875001
5 0.3702663 0.654272 0.3262362828125 0.6447233265625 0.3014874078125 0.6491645890625 0.299760715625 0.6582691125 0.359618528125 0.65649263125 0.4076774546875 0.6624883374999999 0.444225246875 0.6709266765625 0.44652747656249997 0.6684840078125001 0.41431967812500003 0.652722234375 0.3702663 0.654272
0 0.34306005 0.934049890625 0.3629167546875 0.9182834734374999 0.37068673125 0.9096230984375 0.3695356296875 0.8965214234375001 0.3721256296875 0.8814074312500001 0.3695356296875 0.8683057937499999 0.3614778578125 0.8627542343749999 0.3427722921875 0.8627542343749999 0.35054229375 0.8427686671875 0.3571611671875 0.8247816562500001 0.38191009062500003 0.8178976890625 0.412702325 0.8103476109375001 0.43169566562500006 0.795691528125 0.4437823515625 0.77703833125 0.45040123125 0.75549828125 0.4469478984375 0.7286288015625 0.43284678750000005 0.7059784921875 0.41040010625 0.6888797046875 0.3750034109375 0.6795530875 0.341396853125 0.6728912499999999 0.3108924015625 0.6857708140625001 0.2849923734375 0.700204859375 0.27238729687499996 0.7268523203125 0.258573959375 0.756386559375 0.215982821875 0.77903685 0.186341696875 0.7881414125 0.166772809375 0.7837001875 0.1457650140625 0.775928015625 0.11468499843749999 0.7785927203125 0.093389396875 0.8045740140625 0.050664728125 0.8151185015625 0.043670715625 0.9085127640625 0.0995909796875 0.9087348390625 0.1574343078125 0.9213923656249999 0.1968598875 0.9336057796875 0.21555771250000003 0.9478177140625 0.2538321890625 0.9535913468749999 0.2955766875 0.9522589390625 0.31744781718750004 0.942932378125 0.34306005 0.934049890625
4 0.45143538593750004 0.704807196875 0.44834502968749995 0.7104334984375 0.46446059531249995 0.7472957609375 0.4630217109375 0.7721667203125 0.45669060781250004 0.7837139484375 0.45438836406250005 0.7948170484375 0.465036171875 0.7837139484375 0.47395727499999996 0.7570664890625001 0.46589949375 0.732417621875 0.45143538593750004 0.704807196875
1 0.9123782 0.7170953171875001 0.8982770953125 0.688893465625 0.8792837359375 0.660913671875 0.8585637453125001 0.64381489375 0.84503818125 0.6376029046875 0.7967359625 0.906070059375 0.8197581953125 0.9051818375 0.8424926640624999 0.9000743890624999 0.8571693328125001 0.888749271875 0.88191823125 0.8707622609375001 0.8948237499999999 0.8487781 0.90748598125 0.8290145687500001 0.9155437765625001 0.8005906625 0.9253282015625001 0.7821594843749999 0.9210115468750001 0.7583988781250001 0.9123782 0.7170953171875001
1 0.9016918859375 0.1452056296875 0.8765459109375 0.11108186874999999 0.840127590625 0.08565628125 0.8123802890625 0.07227437187499999 0.7719875265625 0.0639399171875 0.8644064515625001 0.3352283984375 0.8917201968749999 0.32519201875000003 0.9060273859375 0.3094683015625 0.9216352484374999 0.2924064078125 0.9255372187500001 0.2653080765625 0.923369459375 0.23252243906249997 0.925103678125 0.2091041609375 0.9268378531250001 0.1933804453125 0.9016918859375 0.1452056296875