0 0.215098653125 0.660397259375 0.215098653125 0.620476465625 0.2251554796875 0.5957154375 0.2497946953125 0.5800502953125 0.2895190859375 0.568427740625 0.29907308593750004 0.5320441781249999 0.2945475203125 0.5057671484374999 0.27795378125000003 0.47696351249999996 0.24878887343749997 0.452707828125 0.2095673515625 0.452707828125 0.191967959375 0.45826639687500004 0.172357134375 0.47372935937499994 0.1572719171875 0.495458425 0.1572719171875 0.525778059375 0.1457065703125 0.530831346875 0.117547484375 0.5277993734375 0.095925353125 0.5222407734375001 0.0838571796875 0.5298206890625 0.067263440625 0.5747948015625 0.062235048437499996 0.6056197640625001 0.0587151375 0.6293701453125 0.0637435703125 0.63240210625 0.08989122499999999 0.654636528125 0.09793674375 0.7046638953125 0.1043840140625 0.7406972109375001 0.10598217968750001 0.789702178125 0.1944821765625 0.8083992625 0.192470828125 0.76948905 0.198504915625 0.728111128125 0.218115696875 0.7205312234375 0.23169239218749998 0.7139619875000001 0.23571513125000002 0.6770730484375 0.23169239218749998 0.6714556078125 0.215098653125 0.660397259375
4 0.2775565 0.44602853906249995 0.24878887343749997 0.4390321640625 0.23118948281249999 0.4289256109375 0.2055446125 0.4299362359375 0.1804026546875 0.44004280937500007 0.163306046875 0.45166534374999995 0.1743685671875 0.4521706359375 0.187945178125 0.44509606562500004 0.2000134359375 0.4425694375 0.22163556718750002 0.4390321640625 0.2775565 0.44602853906249995
5 0.3124495 0.4772739296875 0.3189980265625 0.5172435984375 0.3212929375 0.5488391874999999 0.319686534375 0.5675197921875 0.3327674953125 0.5647522765625 0.33506236875 0.5571416640625 0.32886610312500003 0.517935471875 0.328177671875 0.49141363125000004 0.3164736890625 0.46443053125 0.3109659125 0.479882384375 0.3124495 0.4772739296875
2 0.40046702031250003 0.5702641734375 0.384861721875 0.5557348078125 0.36742047968749997 0.5485854406249999 0.3433240421875 0.5432810734375 0.3343738984375 0.5621923015625 0.3354353859375 0.589606734375 0.3433240421875 0.61477474375 0.3518151421875 0.634608459375 0.36742047968749997 0.65628720625 0.379583390625 0.648676584375 0.3935822859375 0.6468315703124999 0.416990253125 0.6392209578125 0.4218096171875 0.6318409734375 0.42525196562499995 0.60531911875 0.417449296875 0.589636628125 0.40046702031250003 0.5702641734375
3 0.45729206875 0.5329656875000001 0.46292779531250006 0.6423544515625 0.48289343437500004 0.63866444375 0.502400046875 0.63128446875 0.510661721875 0.598535759375 0.51295659375 0.5780101515625 0.5099732125 0.551718934375 0.5069898703125 0.53603644375 0.487253715625 0.53349955625 0.45729206875 0.5329656875000001
3 0.5775250765625 0.5277227484375 0.540347659375 0.5268002468749999 0.5201525765625 0.5367171140625 0.5206115625 0.560240840625 0.52657830625 0.580997065625 0.5249718437500001 0.6015226546875 0.5176281625 0.6206645234375 0.530020653125 0.6305813765625 0.5531991374999999 0.637269496875 0.56467361875 0.64418825625 0.5775250765625 0.5277227484375
2 0.6656492453125 0.54455835 0.655551665625 0.538331484375 0.6406348171875 0.54432773125 0.625947471875 0.554013965625 0.621971771875 0.5592294140625 0.6082767062500001 0.580766428125 0.5917534546875001 0.610747653125 0.593130375 0.63173450625 0.6091946984375001 0.6370388796875 0.6234230578125 0.645571984375 0.6456836078125 0.6439575984375 0.6532567921875 0.6206645234375 0.6638133015625 0.5918364109375001 0.6656492453125 0.56808208125 0.6656492453125 0.54455835
5 0.6885232875 0.4974977703125 0.6921951765625 0.46544094375 0.6967849609375001 0.4396109734375 0.6832450328124999 0.4605978171875 0.6775078125 0.4781252921875 0.6742949671875 0.5071840234375 0.6742949671875 0.5385489859375 0.6853104812499999 0.546620834375 0.69127724375 0.5279402203125 0.6885232875 0.5210215015624999 0.6885232875 0.4974977703125
0 0.949825090625 0.56723670625 0.9477367453125 0.5481000796875 0.9413110546875 0.5248069859375 0.9190504468749999 0.5146594765625 0.8938066125 0.5181188640625 0.8795781765624999 0.5245763375 0.8729230203125 0.53287884375 0.8529574015625 0.528496971875 0.8428598218750001 0.5178882265625 0.8389585078125 0.4892907796875 0.8366635953125 0.4736082890625 0.82564808125 0.459540175 0.8045350062500001 0.446855821875 0.7861758109375 0.4408595703125 0.76598065 0.44109018750000006 0.7430316890625 0.4480089359375 0.7322456390625 0.4521601890625 0.718476265625 0.47660641249999997 0.7081492015624999 0.496209509375 0.7074607328125 0.5098163687499999 0.7074607328125 0.5351850828125 0.7141159265625 0.5553476749999999 0.7242134859375 0.5574232875 0.7496868625 0.5641114171875 0.773553834375 0.5784101500000001 0.784798871875 0.5917863828125001 0.7974207890625 0.612621709375 0.8045350062500001 0.6343004375 0.8022401140625 0.6598997796875 0.7912474796875 0.6698317890625 0.7901000234375 0.6845917625 0.8082068375 0.708330965625 0.8144030843750001 0.72470533125 0.8143604859375 0.760162740625 0.9071399359375001 0.7710760359375 0.91264769375 0.731256721875 0.9158605765625 0.70104486875 0.9254991140625 0.6680655421874999 0.93077740625 0.650999303125 0.943169859375 0.6375772328125 0.95854569375 0.6182047453124999 0.9587751578124999 0.600446653125 0.949825090625 0.56723670625
4 0.777248584375 0.42094805312499994 0.75751246875 0.4202561703125 0.7374590953125 0.42917650468749996 0.747873875 0.4310955328125 0.7689869484375 0.43017303125 0.7976731906250001 0.432940546875 0.8174093640625 0.44124300468750005 0.8350800906250001 0.442165515625 0.8323261921875 0.43201804531250004 0.8162619078125 0.4260217984375 0.7962962703125 0.42509930625000003 0.777248584375 0.42094805312499994
1 0.6809010859375 0.067878840625 0.65396264375 0.0908015125 0.6050842750000001 0.118308746875 0.9958134 0.1892942671875 0.9917674125 0.16677384687500002 0.9816659281250001 0.13206235156249999 0.9562491703125 0.10291779999999999 0.913236215625 0.077375371875 0.8669647140625001 0.0636217546875 0.8229741374999999 0.0459385484375 0.7858265796875 0.0436462765625 0.7307570078125 0.044628678125 0.6984972843749999 0.04790335625 0.6809010859375 0.067878840625
1 0.08828328125 0.0799103125 0.05439429999999999 0.09562873125 0.032561989062500005 0.11887888124999998 0.01007793125 0.1516255828125 0.000628125 0.173565846875 0.3362594203125 0.109054878125 0.3225734890625 0.0907167296875 0.2984602 0.06451936875 0.2658746296875 0.0546953625 0.23719935312499998 0.0527305625 0.1951639640625 0.05404043125 0.144982196875 0.05797003125 0.1254308109375 0.0651743078125 0.08828328125 0.0799103125