0 0.660397259375 0.784901346875 0.620476465625 0.784901346875 0.5957154375 0.7748445203125 0.5800502953125 0.7502053046875 0.568427740625 0.7104809140625 0.5320441781249999 0.7009269140625001 0.5057671484374999 0.7054524796874999 0.47696351249999996 0.72204621875 0.452707828125 0.7512111265625 0.452707828125 0.7904326484374999 0.45826639687500004 0.8080320406249999 0.47372935937499994 0.8276428656249999 0.495458425 0.8427280828124999 0.525778059375 0.8427280828124999 0.530831346875 0.8542934296875 0.5277993734375 0.8824525156249999 0.5222407734375001 0.9040746468749999 0.5298206890625 0.9161428203125 0.5747948015625 0.9327365593750001 0.6056197640625001 0.9377649515625001 0.6293701453125 0.9412848625000001 0.63240210625 0.9362564296875 0.654636528125 0.910108775 0.7046638953125 0.90206325625 0.7406972109375001 0.8956159859374999 0.789702178125 0.8940178203125001 0.8083992625 0.8055178234374999 0.76948905 0.807529171875 0.728111128125 0.801495084375 0.7205312234375 0.781884303125 0.7139619875000001 0.7683076078125 0.6770730484375 0.76428486875 0.6714556078125 0.7683076078125 0.660397259375 0.784901346875
4 0.44602853906249995 0.7224435 0.4390321640625 0.7512111265625 0.4289256109375 0.7688105171874999 0.4299362359375 0.7944553875 0.44004280937500007 0.8195973453125 0.45166534374999995 0.8366939531250001 0.4521706359375 0.8256314328125001 0.44509606562500004 0.8120548218750001 0.4425694375 0.7999865640625 0.4390321640625 0.7783644328125 0.44602853906249995 0.7224435
5 0.4772739296875 0.6875505000000001 0.5172435984375 0.6810019734375 0.5488391874999999 0.6787070625 0.5675197921875 0.6803134656250001 0.5647522765625 0.6672325046875 0.5571416640625 0.66493763125 0.517935471875 0.671133896875 0.49141363125000004 0.671822328125 0.46443053125 0.6835263109375 0.479882384375 0.6890340875 0.4772739296875 0.6875505000000001
2 0.5702641734375 0.5995329796875 0.5557348078125 0.615138278125 0.5485854406249999 0.6325795203125 0.5432810734375 0.6566759578125 0.5621923015625 0.6656261015625 0.589606734375 0.6645646140625 0.61477474375 0.6566759578125 0.634608459375 0.6481848578125 0.65628720625 0.6325795203125 0.648676584375 0.620416609375 0.6468315703124999 0.6064177140625 0.6392209578125 0.583009746875 0.6318409734375 0.5781903828125 0.60531911875 0.574748034375 0.589636628125 0.582550703125 0.5702641734375 0.5995329796875
3 0.5329656875000001 0.54270793125 0.6423544515625 0.5370722046874999 0.63866444375 0.517106565625 0.63128446875 0.49759995312500005 0.598535759375 0.48933827812499997 0.5780101515625 0.48704340625000003 0.551718934375 0.4900267875 0.53603644375 0.49301012968749997 0.53349955625 0.512746284375 0.5329656875000001 0.54270793125
3 0.5277227484375 0.42247492343750004 0.5268002468749999 0.45965234062500004 0.5367171140625 0.4798474234375 0.560240840625 0.47938843750000004 0.580997065625 0.47342169375000004 0.6015226546875 0.47502815624999994 0.6206645234375 0.4823718375 0.6305813765625 0.46997934687500004 0.637269496875 0.44680086250000006 0.64418825625 0.43532638125 0.5277227484375 0.42247492343750004
2 0.54455835 0.33435075468750003 0.538331484375 0.344448334375 0.54432773125 0.3593651828125 0.554013965625 0.374052528125 0.5592294140625 0.378028228125 0.580766428125 0.39172329375000003 0.610747653125 0.4082465453125 0.63173450625 0.406869625 0.6370388796875 0.39080530156250004 0.645571984375 0.3765769421875 0.6439575984375 0.3543163921875 0.6206645234375 0.3467432078125 0.5918364109375001 0.33618669843750004 0.56808208125 0.33435075468750003 0.54455835 0.33435075468750003
5 0.4974977703125 0.31147671250000003 0.46544094375 0.30780482343750004 0.4396109734375 0.3032150390625 0.4605978171875 0.31675496718749996 0.4781252921875 0.3224921875 0.5071840234375 0.3257050328125 0.5385489859375 0.3257050328125 0.546620834375 0.31468951875 0.5279402203125 0.30872275625 0.5210215015624999 0.31147671250000003 0.4974977703125 0.31147671250000003
0 0.56723670625 0.050174909375 0.5481000796875 0.0522632546875 0.5248069859375 0.0586889453125 0.5146594765625 0.08094955312499999 0.5181188640625 0.1061933875 0.5245763375 0.1204218234375 0.53287884375 0.1270769796875 0.528496971875 0.1470425984375 0.5178882265625 0.157140178125 0.4892907796875 0.1610414921875 0.4736082890625 0.1633364046875 0.459540175 0.17435191875 0.446855821875 0.19546499374999998 0.4408595703125 0.21382418906249998 0.44109018750000006 0.23401935 0.4480089359375 0.2569683109375 0.4521601890625 0.2677543609375 0.47660641249999997 0.281523734375 0.496209509375 0.2918507984375 0.5098163687499999 0.2925392671875 0.5351850828125 0.2925392671875 0.5553476749999999 0.2858840734375 0.5574232875 0.2757865140625 0.5641114171875 0.2503131375 0.5784101500000001 0.226446165625 0.5917863828125001 0.215201128125 0.612621709375 0.20257921093750003 0.6343004375 0.19546499374999998 0.6598997796875 0.1977598859375 0.6698317890625 0.20875252031249997 0.6845917625 0.20989997656249998 0.708330965625 0.1917931625 0.72470533125 0.185596915625 0.760162740625 0.1856395140625 0.7710760359375 0.0928600640625 0.731256721875 0.08735230625 0.70104486875 0.0841394234375 0.6680655421874999 0.07450088593750001 0.650999303125 0.06922259375 0.6375772328125 0.056830140625000004 0.6182047453124999 0.04145430625 0.600446653125 0.0412248421875 0.56723670625 0.050174909375
4 0.42094805312499994 0.22275141562499998 0.4202561703125 0.24248753125000003 0.42917650468749996 0.2625409046875 0.4310955328125 0.252126125 0.43017303125 0.23101305156250002 0.432940546875 0.202326809375 0.44124300468750005 0.1825906359375 0.442165515625 0.164919909375 0.43201804531250004 0.16767380781250002 0.4260217984375 0.18373809218749998 0.42509930625000003 0.2037037296875 0.42094805312499994 0.22275141562499998
1 0.067878840625 0.3190989140625 0.0908015125 0.34603735625 0.118308746875 0.394915725 0.1892942671875 0.0041866 0.16677384687500002 0.008232587500000001 0.13206235156249999 0.018334071875 0.10291779999999999 0.0437508296875 0.077375371875 0.086763784375 0.0636217546875 0.1330352859375 0.0459385484375 0.17702586250000002 0.0436462765625 0.2141734203125 0.044628678125 0.26924299218750003 0.04790335625 0.301502715625 0.067878840625 0.3190989140625
1 0.0799103125 0.9117167187499999 0.09562873125 0.9456057 0.11887888124999998 0.9674380109375 0.1516255828125 0.98992206875 0.173565846875 0.9993718749999999 0.109054878125 0.6637405796875 0.0907167296875 0.6774265109375001 0.06451936875 0.7015398 0.0546953625 0.7341253703125 0.0527305625 0.7628006468749999 0.05404043125 0.8048360359375 0.05797003125 0.8550178031250001 0.0651743078125 0.8745691890625 0.0799103125 0.9117167187499999