0 0.70521005 0.26427600625 0.67234690625 0.2706186265625 0.6516430484375 0.306862221875 0.650985803125 0.33902839687499997 0.6549293296875 0.38161463281249997 0.6716895515625 0.41695212656249997 0.688778534375 0.43915135625 0.7098108765625 0.4477592140625 0.7311719812499999 0.4450409546875 0.7558193656250001 0.43598002812500003 0.776194575 0.40834426874999996 0.7788236375 0.35714555468750003 0.799198790625 0.33222808593750003 0.8277897578125 0.3267915375 0.829104303125 0.3449133359375 0.8294329265625 0.363035134375 0.840606425 0.3752673578125 0.8544089609375 0.3757204 0.8678829015625 0.3784386734375 0.87741320625 0.3634881953125 0.90567555 0.302327109375 0.908961859375 0.2243612484375 0.8928589375 0.19627245937499999 0.8747841421875 0.13556443437500001 0.8709076671875 0.0866736765625 0.8675542249999999 0.01331915625 0.7610774921875 0.003805234375 0.7646924796875 0.046318285937499995 0.7581198625 0.052660925000000004 0.748260853125 0.0698766015625 0.7426740749999999 0.126507271875 0.748918153125 0.174573040625 0.7344583171875 0.236187234375 0.70521005 0.26427600625
0 0.7551621203125001 0.46474925625 0.7663356203125 0.45931271875 0.766664215625 0.4502518109375 0.7453031671875 0.45659443125 0.68017511875 0.4509335515625 0.6989660828125001 0.463390121875 0.7301860859375 0.46474925625 0.7551621203125001 0.46474925625
1 0.83699149375 0.8841554140625 0.8645965921875 0.86059706875 0.8843144734375 0.8370387328125 0.89088711875 0.799889034375 0.8907474593750001 0.7766539859375 0.6342255812500001 0.7949055671874999 0.639483653125 0.8266186718749999 0.6486854171875 0.86059706875 0.6762904328125 0.8864206328125 0.6976515375 0.8932163125000001 0.73084333125 0.8991058921875 0.7630493390625 0.8991058921875 0.79854151875 0.8945754578124999 0.83699149375 0.8841554140625
5 0.6309161343749999 0.28959780468749996 0.6163693593749999 0.309317428125 0.6234002875 0.34340902500000003 0.6241276265625 0.3748267765625 0.6396391296874999 0.407368221875 0.634552828125 0.35544134843749997 0.6335830703124999 0.33672439062500004 0.6309161343749999 0.28959780468749996
2 0.556325003125 0.2862732421875 0.5713566765625 0.30966941718749996 0.5970596578125 0.31748561875000003 0.6091783078125 0.3130117484375 0.616451715625 0.288278615625 0.6154819171875 0.264548190625 0.6043293765625 0.2227693078125 0.5900250625 0.1843326453125 0.5602041359375 0.19870460625 0.5422631078125 0.214079259375 0.54832425625 0.2381439484375 0.556325003125 0.2862732421875
3 0.48892490312500003 0.3427583359375 0.505411253125 0.3427583359375 0.53219249375 0.3505037171875 0.513412 0.17931917656250002 0.49959258437500004 0.19837038437500001 0.48456087031250006 0.213076565625 0.47946954062499997 0.232796203125 0.4823788953125 0.262877025 0.4862580484375 0.3013136328125 0.481651515625 0.3190278953125 0.4821363953125 0.3390817828125 0.48892490312500003 0.3427583359375
3 0.44310260625 0.3491087390625 0.46880187968750003 0.3404187265625 0.47340833125000004 0.3090009875 0.46783208125 0.276246278125 0.4675896625 0.24048354375 0.46734716093750006 0.216084675 0.4496486125 0.195362303125 0.42952558906249994 0.172300321875 0.412105078125 0.351879471875 0.44310260625 0.3491087390625
2 0.340913290625 0.257412846875 0.332670084375 0.2878278921875 0.3338823234375 0.30855025 0.340913290625 0.320916809375 0.3518950453125 0.3184027875 0.3789773625 0.313897940625 0.3862507703125 0.2925071375 0.39788816875 0.272119015625 0.398615528125 0.24237244218749998 0.40419177812499996 0.217973546875 0.38649318906249996 0.20126197656249997 0.37534066875 0.191569290625 0.36006653593750004 0.20159622656249998 0.3464895609375 0.2226527640625 0.340913290625 0.257412846875
5 0.3249118390625 0.42447827499999996 0.333639903125 0.3943974515625 0.335337 0.3589689671875 0.3333974234375 0.319195415625 0.32539669843749996 0.30214962500000003 0.324426940625 0.342591590625 0.32127514687500003 0.3803597265625 0.31264209374999996 0.43901056718750003 0.3249118390625 0.42447827499999996
4 0.252177909375 0.4726076109375 0.20999222343750001 0.45723295625000004 0.1881720640625 0.46358335312500004 0.2058706515625 0.47728684218749995 0.246359240625 0.48263452500000004 0.2876931859375 0.4660670640625 0.2856355296875 0.46124373125 0.252177909375 0.4726076109375
0 0.0719113453125 0.3471593625 0.0847947359375 0.369252071875 0.097678178125 0.3774826875 0.11967420468750001 0.3774826875 0.12941533593750001 0.373583978125 0.1325576484375 0.3592886890625 0.134128778125 0.33546325 0.14418420781250002 0.33503003593749997 0.1693225203125 0.3519244640625 0.17969209218749999 0.376183090625 0.1891189765625 0.420368509375 0.19791739218749999 0.4385625 0.2327968875 0.45935563906250004 0.26987600624999997 0.4541573546875 0.2962713078125 0.436396546875 0.3047555015625 0.4060732296875 0.31355394375 0.369252071875 0.311668515625 0.33243087656250003 0.29407165625 0.3008080171875 0.26269631250000003 0.28028023125 0.2411940296875 0.263680403125 0.2149613515625 0.206766740625 0.21840164843749998 0.167638571875 0.22829268906250003 0.1599315453125 0.22141202187500003 0.116653415625 0.20679044218749998 0.1006464546875 0.20033977187500002 0.0674468359375 0.2026681609375 0.0212003109375 0.0986208671875 0.0124765921875 0.097992478125 0.047565003125 0.0891940359375 0.1263092140625 0.07505360625 0.177425734375 0.053686020312500006 0.21287035781250002 0.054314460937499996 0.24925835625 0.052743331250000004 0.3025407640625 0.061541775 0.3185688015625 0.0719113453125 0.3471593625
1 0.3308365296875 0.830117790625 0.33963497187499997 0.7984949125 0.0609132796875 0.7751026515625 0.0609132796875 0.7911306875 0.06248440937500001 0.8158225203124999 0.082595165625 0.8530769015624999 0.10804775 0.8855661625 0.1504687796875 0.905059721875 0.196974703125 0.9115575734375 0.23342535468749998 0.9128571375 0.2786744484375 0.9128571375 0.31292547656249997 0.8730036390624999 0.3308365296875 0.830117790625