0 0.73572399375 0.70521005 0.7293813734375 0.67234690625 0.693137778125 0.6516430484375 0.6609716031249999 0.650985803125 0.6183853671875 0.6549293296875 0.5830478734375 0.6716895515625 0.56084864375 0.688778534375 0.5522407859375 0.7098108765625 0.5549590453125 0.7311719812499999 0.564019971875 0.7558193656250001 0.59165573125 0.776194575 0.6428544453125 0.7788236375 0.6677719140625 0.799198790625 0.6732084625 0.8277897578125 0.6550866640625 0.829104303125 0.636964865625 0.8294329265625 0.6247326421875 0.840606425 0.6242796 0.8544089609375 0.6215613265625 0.8678829015625 0.6365118046875 0.87741320625 0.697672890625 0.90567555 0.7756387515625 0.908961859375 0.803727540625 0.8928589375 0.8644355656249999 0.8747841421875 0.9133263234375001 0.8709076671875 0.98668084375 0.8675542249999999 0.9961947656250001 0.7610774921875 0.9536817140625 0.7646924796875 0.947339075 0.7581198625 0.9301233984374999 0.748260853125 0.873492728125 0.7426740749999999 0.8254269593749999 0.748918153125 0.763812765625 0.7344583171875 0.73572399375 0.70521005
0 0.53525074375 0.7551621203125001 0.54068728125 0.7663356203125 0.5497481890625 0.766664215625 0.54340556875 0.7453031671875 0.5490664484375001 0.68017511875 0.5366098781249999 0.6989660828125001 0.53525074375 0.7301860859375 0.53525074375 0.7551621203125001
1 0.1158445859375 0.83699149375 0.13940293125 0.8645965921875 0.16296126718749998 0.8843144734375 0.20011096562500003 0.89088711875 0.22334601406250001 0.8907474593750001 0.2050944328125 0.6342255812500001 0.173381328125 0.639483653125 0.13940293125 0.6486854171875 0.11357936718749999 0.6762904328125 0.1067836875 0.6976515375 0.1008941078125 0.73084333125 0.1008941078125 0.7630493390625 0.1054245421875 0.79854151875 0.1158445859375 0.83699149375
5 0.7104021953124999 0.6309161343749999 0.690682571875 0.6163693593749999 0.6565909750000001 0.6234002875 0.6251732234375 0.6241276265625 0.592631778125 0.6396391296874999 0.6445586515625 0.634552828125 0.6632756093750001 0.6335830703124999 0.7104021953124999 0.6309161343749999
2 0.7137267578125 0.556325003125 0.6903305828125 0.5713566765625 0.6825143812500001 0.5970596578125 0.6869882515625 0.6091783078125 0.711721384375 0.616451715625 0.735451809375 0.6154819171875 0.7772306921875 0.6043293765625 0.8156673546875 0.5900250625 0.80129539375 0.5602041359375 0.7859207406250001 0.5422631078125 0.7618560515625 0.54832425625 0.7137267578125 0.556325003125
3 0.6572416640625 0.48892490312500003 0.6572416640625 0.505411253125 0.6494962828124999 0.53219249375 0.8206808234375 0.513412 0.801629615625 0.49959258437500004 0.786923434375 0.48456087031250006 0.767203796875 0.47946954062499997 0.737122975 0.4823788953125 0.6986863671875 0.4862580484375 0.6809721046874999 0.481651515625 0.6609182171875 0.4821363953125 0.6572416640625 0.48892490312500003
3 0.6508912609374999 0.44310260625 0.6595812734375001 0.46880187968750003 0.6909990125000001 0.47340833125000004 0.723753721875 0.46783208125 0.75951645625 0.4675896625 0.7839153249999999 0.46734716093750006 0.804637696875 0.4496486125 0.827699678125 0.42952558906249994 0.648120528125 0.412105078125 0.6508912609374999 0.44310260625
2 0.742587153125 0.340913290625 0.7121721078125 0.332670084375 0.6914497500000001 0.3338823234375 0.679083190625 0.340913290625 0.6815972125 0.3518950453125 0.686102059375 0.3789773625 0.7074928625 0.3862507703125 0.727880984375 0.39788816875 0.7576275578125 0.398615528125 0.7820264531250001 0.40419177812499996 0.7987380234375 0.38649318906249996 0.8084307093750001 0.37534066875 0.7984037734375 0.36006653593750004 0.7773472359375 0.3464895609375 0.742587153125 0.340913290625
5 0.575521725 0.3249118390625 0.6056025484374999 0.333639903125 0.6410310328125 0.335337 0.680804584375 0.3333974234375 0.697850375 0.32539669843749996 0.657408409375 0.324426940625 0.6196402734374999 0.32127514687500003 0.5609894328125 0.31264209374999996 0.575521725 0.3249118390625
4 0.5273923890625001 0.252177909375 0.54276704375 0.20999222343750001 0.536416646875 0.1881720640625 0.5227131578125 0.2058706515625 0.517365475 0.246359240625 0.5339329359375 0.2876931859375 0.53875626875 0.2856355296875 0.5273923890625001 0.252177909375
0 0.6528406375 0.0719113453125 0.630747928125 0.0847947359375 0.6225173125000001 0.097678178125 0.6225173125000001 0.11967420468750001 0.626416021875 0.12941533593750001 0.6407113109375 0.1325576484375 0.66453675 0.134128778125 0.6649699640625 0.14418420781250002 0.6480755359375 0.1693225203125 0.623816909375 0.17969209218749999 0.579631490625 0.1891189765625 0.5614375 0.19791739218749999 0.5406443609375 0.2327968875 0.5458426453125 0.26987600624999997 0.563603453125 0.2962713078125 0.5939267703125 0.3047555015625 0.630747928125 0.31355394375 0.6675691234375 0.311668515625 0.6991919828125 0.29407165625 0.71971976875 0.26269631250000003 0.736319596875 0.2411940296875 0.793233259375 0.2149613515625 0.832361428125 0.21840164843749998 0.8400684546875 0.22829268906250003 0.883346584375 0.22141202187500003 0.8993535453125 0.20679044218749998 0.9325531640625 0.20033977187500002 0.9787996890624999 0.2026681609375 0.9875234078125 0.0986208671875 0.952434996875 0.097992478125 0.8736907859375 0.0891940359375 0.822574265625 0.07505360625 0.7871296421875 0.053686020312500006 0.75074164375 0.054314460937499996 0.6974592359375 0.052743331250000004 0.6814311984375 0.061541775 0.6528406375 0.0719113453125
1 0.169882209375 0.3308365296875 0.2015050875 0.33963497187499997 0.2248973484375 0.0609132796875 0.2088693125 0.0609132796875 0.1841774796875 0.06248440937500001 0.1469230984375 0.082595165625 0.1144338375 0.10804775 0.094940278125 0.1504687796875 0.0884424265625 0.196974703125 0.0871428625 0.23342535468749998 0.0871428625 0.2786744484375 0.1269963609375 0.31292547656249997 0.169882209375 0.3308365296875