0 0.2353075203125 0.9536817140625 0.2418801375 0.947339075 0.251739146875 0.9301233984374999 0.257325925 0.873492728125 0.251081846875 0.8254269593749999 0.2655416828125 0.763812765625 0.29478995 0.73572399375 0.32765309375 0.7293813734375 0.3483569515625 0.693137778125 0.349014196875 0.6609716031249999 0.3450706703125 0.6183853671875 0.3283104484375 0.5830478734375 0.31122146562499997 0.56084864375 0.2901891234375 0.5522407859375 0.26882801875 0.5549590453125 0.244180634375 0.564019971875 0.22380542499999997 0.59165573125 0.2211763625 0.6428544453125 0.200801209375 0.6677719140625 0.1722102421875 0.6732084625 0.170895696875 0.6550866640625 0.1705670734375 0.636964865625 0.159393575 0.6247326421875 0.14559103906249998 0.6242796 0.1321170984375 0.6215613265625 0.12258679374999999 0.6365118046875 0.09432445 0.697672890625 0.091038140625 0.7756387515625 0.1071410625 0.803727540625 0.1252158578125 0.8644355656249999 0.12909233281250002 0.9133263234375001 0.13244577500000002 0.98668084375 0.2389225078125 0.9961947656250001 0.2353075203125 0.9536817140625
0 0.23366437968749998 0.54068728125 0.233335784375 0.5497481890625 0.2546968328125 0.54340556875 0.31982488125 0.5490664484375001 0.3010339171875 0.5366098781249999 0.2698139140625 0.53525074375 0.2448378796875 0.53525074375 0.23366437968749998 0.54068728125
1 0.3513145828125 0.13940293125 0.3237095671875 0.11357936718749999 0.3023484625 0.1067836875 0.26915666875 0.1008941078125 0.2369506609375 0.1008941078125 0.20145848125 0.1054245421875 0.16300850625000002 0.1158445859375 0.1354034078125 0.13940293125 0.1156855265625 0.16296126718749998 0.10911288125 0.20011096562500003 0.109252540625 0.22334601406250001 0.36577441875 0.2050944328125 0.360516346875 0.173381328125 0.3513145828125 0.13940293125
5 0.38363064062499996 0.690682571875 0.3765997125 0.6565909750000001 0.3758723734375 0.6251732234375 0.36036087031249997 0.592631778125 0.365447171875 0.6445586515625 0.3664169296875 0.6632756093750001 0.369083865625 0.7104021953124999 0.38363064062499996 0.690682571875
2 0.3845180828125 0.735451809375 0.3956706234375 0.7772306921875 0.4099749375 0.8156673546875 0.43979586406250004 0.80129539375 0.4577368921875 0.7859207406250001 0.45167574374999997 0.7618560515625 0.443674996875 0.7137267578125 0.4286433234375 0.6903305828125 0.4029403421875 0.6825143812500001 0.39082169218749996 0.6869882515625 0.383548284375 0.711721384375 0.3845180828125 0.735451809375
3 0.5154391296874999 0.786923434375 0.520530459375 0.767203796875 0.5176211046875 0.737122975 0.5137419515625 0.6986863671875 0.5183484843749999 0.6809721046874999 0.5178636046875 0.6609182171875 0.511075096875 0.6572416640625 0.494588746875 0.6572416640625 0.46780750624999995 0.6494962828124999 0.48658799999999996 0.8206808234375 0.500407415625 0.801629615625 0.5154391296874999 0.786923434375
3 0.53216791875 0.723753721875 0.5324103375 0.75951645625 0.5326528390624999 0.7839153249999999 0.5503513875 0.804637696875 0.5704744109375001 0.827699678125 0.587894921875 0.648120528125 0.55689739375 0.6508912609374999 0.5311981203125 0.6595812734375001 0.52659166875 0.6909990125000001 0.53216791875 0.723753721875
2 0.601384471875 0.7576275578125 0.595808221875 0.7820264531250001 0.6135068109375 0.7987380234375 0.62465933125 0.8084307093750001 0.6399334640625 0.7984037734375 0.6535104390625001 0.7773472359375 0.659086709375 0.742587153125 0.667329915625 0.7121721078125 0.6661176765625 0.6914497500000001 0.659086709375 0.679083190625 0.6481049546875 0.6815972125 0.6210226375000001 0.686102059375 0.6137492296875 0.7074928625 0.60211183125 0.727880984375 0.601384471875 0.7576275578125
5 0.664663 0.6410310328125 0.6666025765625 0.680804584375 0.6746033015624999 0.697850375 0.675573059375 0.657408409375 0.6787248531250001 0.6196402734374999 0.68735790625 0.5609894328125 0.6750881609375 0.575521725 0.666360096875 0.6056025484374999 0.664663 0.6410310328125
4 0.7900077765625 0.54276704375 0.8118279359375 0.536416646875 0.7941293484374999 0.5227131578125 0.753640759375 0.517365475 0.7123068140625 0.5339329359375 0.7143644703125 0.53875626875 0.7478220906249999 0.5273923890625001 0.7900077765625 0.54276704375
0 0.9108059640624999 0.8736907859375 0.92494639375 0.822574265625 0.9463139796875 0.7871296421875 0.9456855390625 0.75074164375 0.94725666875 0.6974592359375 0.938458225 0.6814311984375 0.9280886546874999 0.6528406375 0.9152052640624999 0.630747928125 0.902321821875 0.6225173125000001 0.8803257953125 0.6225173125000001 0.8705846640624999 0.626416021875 0.8674423515624999 0.6407113109375 0.8658712218750001 0.66453675 0.8558157921875 0.6649699640625 0.8306774796875 0.6480755359375 0.8203079078125001 0.623816909375 0.8108810234374999 0.579631490625 0.8020826078125 0.5614375 0.7672031125000001 0.5406443609375 0.73012399375 0.5458426453125 0.7037286921875 0.563603453125 0.6952444984375 0.5939267703125 0.68644605625 0.630747928125 0.688331484375 0.6675691234375 0.70592834375 0.6991919828125 0.7373036875000001 0.71971976875 0.7588059703125001 0.736319596875 0.7850386484375 0.793233259375 0.7815983515625 0.832361428125 0.7717073109375 0.8400684546875 0.778587978125 0.883346584375 0.7932095578125 0.8993535453125 0.799660228125 0.9325531640625 0.7973318390624999 0.9787996890624999 0.9013791328125 0.9875234078125 0.902007521875 0.952434996875 0.9108059640624999 0.8736907859375
1 0.8919522499999999 0.1144338375 0.8495312203125 0.094940278125 0.803025296875 0.0884424265625 0.7665746453125 0.0871428625 0.7213255515625 0.0871428625 0.6870745234375 0.1269963609375 0.6691634703125 0.169882209375 0.660365028125 0.2015050875 0.9390867203125 0.2248973484375 0.9390867203125 0.2088693125 0.9375155906250001 0.1841774796875 0.917404834375 0.1469230984375 0.8919522499999999 0.1144338375