0 0.1587889 0.6357596984375 0.19061594531249998 0.612073996875 0.20056190625 0.593928446875 0.1819960765625 0.5731435921875 0.1819960765625 0.540811515625 0.19260519375000001 0.5140880828125 0.20818717968749997 0.49891182812499996 0.23636741875 0.49891182812499996 0.2628899609375 0.47944658437500004 0.27283592031250004 0.452723178125 0.27283592031250004 0.4349075359375 0.2645476015625 0.42500999375 0.259574621875 0.4048849234375 0.2499602671875 0.39036849687499997 0.2280791546875 0.3778315765625 0.207524078125 0.36958359218750003 0.183322278125 0.3768418140625 0.1587889 0.387069303125 0.1425437859375 0.4019156625 0.13226632968750002 0.42270055156249997 0.12629875468750001 0.445464959375 0.117347334375 0.43292804531250006 0.0934770578125 0.43358786406250005 0.08021578593749999 0.43325795468750006 0.06894367968750001 0.43292804531250006 0.0570085 0.43952641562499994 0.051703996875000005 0.45635229375 0.031812048437500004 0.4929501421875 0.027170618749999997 0.509446096875 0.0304859578125 0.5229727750000001 0.041426514062499996 0.54111830625 0.05734005 0.5655323171875 0.06363912187500001 0.5896163921875 0.06728603749999999 0.62128859375 0.0701869453125 0.6470007953125 0.069606753125 0.6769995546875001 0.1538159203125 0.675020040625 0.1587889 0.6357596984375
4 0.15845729375 0.3702947234375 0.17470240937499998 0.3699648015625 0.19592053125 0.3646860953125 0.24622691562500001 0.374947453125 0.223106175 0.361716840625 0.1836537453125 0.35709796875 0.159783496875 0.3653459421875 0.15845729375 0.3702947234375
5 0.2989315953125 0.41934391406250004 0.282686509375 0.371505659375 0.2858017921875 0.3980335109375 0.2889855515625 0.43550992343750006 0.301915384375 0.4783993953125 0.30887755625 0.4562948203125 0.2989315953125 0.41934391406250004
2 0.331589890625 0.5518600109375 0.3482744515625 0.55958251875 0.3617255703125 0.5528896859375 0.3747886984375 0.5402762484375 0.3683218390625 0.5124752203125 0.35745746718750004 0.4890502859375 0.329779159375 0.476308146875 0.3180094046875 0.47673183906250005 0.3155762765625 0.48374891093750005 0.3146466421875 0.506828259375 0.3146466421875 0.5178971953125 0.3256403359375 0.5469852937499999 0.331589890625 0.5518600109375
3 0.43677180781249997 0.5462072890624999 0.43547843437499995 0.5302474515625 0.4359957703125 0.5123569609375 0.4357370921875 0.4878280828125 0.43457307343749996 0.4725117734375 0.4315983015625 0.4589973875 0.423708690625 0.45873996093749997 0.40340265625000005 0.45873996093749997 0.3879799078125 0.4574361921875 0.397582446875 0.5774753390625 0.41038689531249994 0.5647332140625 0.43677180781249997 0.5462072890624999
3 0.44323868906249997 0.477753025 0.44401472656249996 0.5013066671875 0.4447907640625 0.528335440625 0.4451787546875 0.5462259265625 0.46470878437499996 0.556023440625 0.481264 0.56825073125 0.4936804453125 0.45715966718749995 0.47324508749999994 0.4594764171875 0.44750683437500005 0.458060625 0.44091060937500004 0.4612783328125 0.44323868906249997 0.477753025
2 0.5086363640625 0.5219307484375 0.51135245625 0.5395638078125 0.5258382828125 0.5465140609375 0.5432989 0.545484384375 0.5585607640625 0.5311977531250001 0.5648982984375001 0.506614434375 0.5670970546875 0.47726890937500005 0.56166486875 0.46705151093749997 0.542264184375 0.47271468906249997 0.53278716875 0.481276575 0.5253209234375 0.49061118593749997 0.5170433109375 0.49859110937500006 0.51264583125 0.5115906828125001 0.5086363640625 0.5219307484375
5 0.586627075 0.469555096875 0.5921886046875 0.451793321875 0.585721703125 0.420259753125 0.5840730734374999 0.389976740625 0.577702746875 0.41562624843749996 0.5681317499999999 0.44072440156250003 0.5726585859375 0.463119678125 0.586627075 0.469555096875
0 0.8065355265624999 0.61171728125 0.8157185109375 0.5613916718749999 0.8269709171875 0.5357787 0.8441728234375001 0.513559103125 0.8441728234375001 0.5067375546874999 0.8441728234375001 0.4983715046875 0.8441728234375001 0.487817409375 0.8400340453125 0.4745604375 0.830544784375 0.464381353125 0.8235605250000001 0.4486789203125 0.814636196875 0.42771904374999997 0.8070052984375 0.41626400312499995 0.7939421703125 0.419481709375 0.769346971875 0.4165214125 0.7534384281250001 0.42141234687500007 0.7478769187500001 0.42771904374999997 0.7429620703125 0.423471665625 0.7405046453125 0.41124437656249996 0.7352101656250001 0.3967095546875 0.7225350515625 0.377017159375 0.7004182734375 0.361572140625 0.680370884375 0.356423803125 0.6604528734375 0.356809921875 0.643121621875 0.36105730468749997 0.6278597593749999 0.373751946875 0.6163486953125 0.38675150468749997 0.6054843140624999 0.407859684375 0.6049669546875001 0.42935328906250003 0.6085884203124999 0.44994664218749997 0.617512725 0.47156966562499997 0.636538453125 0.47672238125 0.6604659578125001 0.47878171406250003 0.674822459375 0.493969309375 0.68400544375 0.5100578734375001 0.6878855765624999 0.5252454656250001 0.69111900625 0.538768684375 0.6889202828125 0.552283071875 0.680642659375 0.5643137328125001 0.682065378125 0.5831051703125001 0.6918950546875 0.6005246296875 0.7105197015625 0.61300935 0.717891953125 0.626523734375 0.722030765625 0.659344390625 0.8034314312499999 0.6702329453125 0.8065355265624999 0.6363006 0.8065355265624999 0.61171728125
4 0.689763859375 0.34666760937499996 0.703643496875 0.34993889375 0.717157890625 0.3521197640625 0.7072960203124999 0.344850234375 0.6817283265625 0.3361267953125 0.667118171875 0.3393980796875 0.643125990625 0.346257553125 0.6313233031250001 0.3568449421875 0.6550648125 0.3473945859375 0.689763859375 0.34666760937499996
1 0.7715806796875 0.0712997515625 0.7456476828125 0.052035528124999994 0.6879375828125001 0.0469468609375 0.62803599375 0.053125956249999995 0.5882233734375 0.0702093234375 0.5553505734375 0.1047395703125 0.5283218296875 0.1392698015625 0.7964783578125 0.137796653125 0.8066450312500001 0.123920471875 0.8004357140625 0.1122892359375 0.7905738437500001 0.09157109218750001 0.7715806796875 0.0712997515625
1 0.242628340625 0.091168125 0.20098942812499998 0.0766291109375 0.1633682828125 0.0780830046875 0.11259804843750001 0.07626564375 0.08191676718749999 0.09007771249999999 0.0640193640625 0.11115934218750001 0.043565165625 0.13878353906250002 0.03723379375 0.1612360359375 0.293398575 0.13187748906250002 0.270752828125 0.10607068281250001 0.242628340625 0.091168125