0 0.7918128203125 0.501088171875 0.76363258125 0.501088171875 0.7371100390625 0.520553415625 0.7271640796875001 0.5472768218749999 0.7271640796875001 0.5650924640625 0.7354523984375 0.57499000625 0.7404253781250001 0.5951150765625 0.7500397328124999 0.6096315031249999 0.7719208453124999 0.6221684234375 0.792475921875 0.6304164078125 0.8166777218749999 0.6231581859374999 0.8412111 0.612930696875 0.8574562140624999 0.5980843375 0.8677336703125 0.5772994484375 0.8737012453125 0.554535040625 0.882652665625 0.5670719546874999 0.9065229421875 0.5664121359375 0.9197842140624999 0.5667420453124999 0.9310563203125 0.5670719546874999 0.9429915 0.5604735843750001 0.9482960031250001 0.54364770625 0.9681879515625 0.5070498578125 0.9728293812500001 0.490553903125 0.9695140421874999 0.47702722499999994 0.9585734859375 0.45888169375 0.94265995 0.43446768281250003 0.9363608781250001 0.4103836078125 0.9327139624999999 0.37871140625 0.9298130546875001 0.3529992046875 0.930393246875 0.3230004453125 0.8461840796875 0.324979959375 0.8412111 0.3642403015625 0.8093840546875001 0.387926003125 0.79943809375 0.406071553125 0.8180039234375001 0.4268564078125 0.8180039234375001 0.459188484375 0.8073948062499999 0.48591191718750004 0.7918128203125 0.501088171875
4 0.840216503125 0.6346540578125001 0.8415427062499999 0.6297052765625 0.8252975906250001 0.6300351984375 0.80407946875 0.6353139046875 0.753773084375 0.625052546875 0.7768938249999999 0.638283159375 0.8163462546875 0.64290203125 0.840216503125 0.6346540578125001
5 0.7010684046875 0.5806560859375 0.7173134906249999 0.628494340625 0.7141982078125 0.6019664890625 0.7110144484375 0.5644900765624999 0.698084615625 0.5216006046875 0.69112244375 0.5437051796875 0.7010684046875 0.5806560859375
2 0.670220840625 0.523691853125 0.6819905953125 0.5232681609375 0.6844237234375 0.5162510890625 0.6853533578125 0.49317174062499997 0.6853533578125 0.4821028046875 0.6743596640625 0.45301470625 0.668410109375 0.4481399890625 0.6517255484375 0.44041748125 0.6382744296875 0.4471103140625 0.6252113015625 0.4597237515625 0.6316781609375 0.48752477968749997 0.6425425328125 0.5109497140625 0.670220840625 0.523691853125
3 0.576291309375 0.5412600390625 0.59659734375 0.5412600390625 0.6120200921875 0.5425638078125 0.602417553125 0.42252466093749996 0.5896131046875001 0.4352667859375 0.5632281921875 0.45379271093750007 0.564521565625 0.46975254843750003 0.5640042296875001 0.4876430390625 0.5642629078125 0.5121719171875 0.5654269265625 0.5274882265625 0.5684016984375 0.5410026125 0.576291309375 0.5412600390625
3 0.5063195546875 0.5428403328125 0.5267549125000001 0.5405235828125 0.552493165625 0.541939375 0.559089390625 0.5387216671874999 0.5567613109375 0.5222469750000001 0.5559852734375 0.49869333281249995 0.5552092359375 0.471664559375 0.5548212453125 0.45377407343750004 0.535291215625 0.44397655937499997 0.518736 0.43174926874999997 0.5063195546875 0.5428403328125
2 0.4329029453125 0.522731090625 0.43833513125 0.5329484890625 0.457735815625 0.5272853109375 0.46721283125 0.518723425 0.47467907656249997 0.5093888140625 0.4829566890625 0.5014088906249999 0.48735416875000004 0.48840931718749997 0.49136363593750004 0.47806925156249996 0.48864754374999997 0.46043619218750004 0.4741617171875 0.4534859390625 0.45670109999999997 0.454515615625 0.4414392359375 0.468802246875 0.43510170156249994 0.493385565625 0.4329029453125 0.522731090625
5 0.42734141406250004 0.536880321875 0.413372925 0.530444903125 0.40781139531250005 0.548206678125 0.41427829687499995 0.5797402468749999 0.4159269265625 0.610023259375 0.422297253125 0.5843737515625 0.43186825000000006 0.5592755984375 0.42734141406250004 0.536880321875
0 0.1558271765625 0.5121825906249999 0.1599659546875 0.5254395625 0.16945521562500002 0.5356186468749999 0.17643947499999998 0.5513210796875 0.185363803125 0.57228095625 0.1929947015625 0.583735996875 0.20605782968750003 0.5805182906249999 0.23065302812500002 0.5834785874999999 0.246561571875 0.5785876531249999 0.25212308125 0.57228095625 0.2570379296875 0.5765283343750001 0.25949535468749996 0.5887556234375 0.26478983437500003 0.6032904453125 0.27746494843749997 0.622982840625 0.2995817265625 0.638427859375 0.319629115625 0.643576196875 0.33954712656249997 0.6431900781250001 0.356878378125 0.6389426953124999 0.372140240625 0.626248053125 0.38365130468749997 0.6132484953125 0.39451568593749997 0.592140315625 0.3950330453125 0.5706467109375 0.3914115796875 0.5500533578125 0.382487275 0.5284303343750001 0.363461546875 0.52327761875 0.3395340421875 0.5212182859375 0.32517754062500004 0.5060306906250001 0.31599455625 0.48994212656249997 0.3121144234375 0.474754534375 0.30888099375 0.46123131562499997 0.3110797171875 0.447716928125 0.319357340625 0.4356862671875 0.317934621875 0.41689482968749997 0.3081049453125 0.3994753703125 0.2894802984375 0.38699065 0.282108046875 0.373476265625 0.277969234375 0.340655609375 0.19656856875 0.3297670546875 0.1934644734375 0.3636994 0.1934644734375 0.38828271875000003 0.1842814890625 0.43860832812500006 0.1730290828125 0.4642213 0.1558271765625 0.48644089687500003 0.1558271765625 0.4932624453125 0.1558271765625 0.5016284953125 0.1558271765625 0.5121825906249999
4 0.35687400937499997 0.653742446875 0.36867669687500004 0.6431550578125 0.3449351875 0.6526054140624999 0.310236140625 0.6533323906249999 0.296356503125 0.65006110625 0.282842109375 0.6478802359375 0.2927039796875 0.6551497656249999 0.3182716734375 0.6638732046875 0.332881828125 0.6606019203125 0.35687400937499997 0.653742446875
1 0.47167817031250003 0.8607301984375001 0.2035216421875 0.8622033468750001 0.19335496875 0.8760795281249999 0.1995642859375 0.8877107640625 0.20942615625 0.9084289078125 0.2284193203125 0.9287002484375 0.2543523171875 0.947964471875 0.3120624171875 0.9530531390625001 0.37196400625 0.94687404375 0.41177662656249997 0.9297906765624999 0.44464942656249995 0.8952604296875 0.47167817031250003 0.8607301984375001
1 0.956434834375 0.8612164609375 0.9627662062500001 0.8387639640625 0.706601425 0.8681225109374999 0.729247171875 0.8939293171875 0.7573716593750001 0.908831875 0.799010571875 0.9233708890625 0.8366317171875 0.9219169953125 0.8874019515624999 0.92373435625 0.9180832328124999 0.9099222875 0.9359806359375 0.8888406578125 0.956434834375 0.8612164609375