0 0.501088171875 0.20818717968749997 0.501088171875 0.23636741875 0.520553415625 0.2628899609375 0.5472768218749999 0.27283592031250004 0.5650924640625 0.27283592031250004 0.57499000625 0.2645476015625 0.5951150765625 0.259574621875 0.6096315031249999 0.2499602671875 0.6221684234375 0.2280791546875 0.6304164078125 0.207524078125 0.6231581859374999 0.183322278125 0.612930696875 0.1587889 0.5980843375 0.1425437859375 0.5772994484375 0.13226632968750002 0.554535040625 0.12629875468750001 0.5670719546874999 0.117347334375 0.5664121359375 0.0934770578125 0.5667420453124999 0.08021578593749999 0.5670719546874999 0.06894367968750001 0.5604735843750001 0.0570085 0.54364770625 0.051703996875000005 0.5070498578125 0.031812048437500004 0.490553903125 0.027170618749999997 0.47702722499999994 0.0304859578125 0.45888169375 0.041426514062499996 0.43446768281250003 0.05734005 0.4103836078125 0.06363912187500001 0.37871140625 0.06728603749999999 0.3529992046875 0.0701869453125 0.3230004453125 0.069606753125 0.324979959375 0.1538159203125 0.3642403015625 0.1587889 0.387926003125 0.19061594531249998 0.406071553125 0.20056190625 0.4268564078125 0.1819960765625 0.459188484375 0.1819960765625 0.48591191718750004 0.19260519375000001 0.501088171875 0.20818717968749997
4 0.6346540578125001 0.159783496875 0.6297052765625 0.15845729375 0.6300351984375 0.17470240937499998 0.6353139046875 0.19592053125 0.625052546875 0.24622691562500001 0.638283159375 0.223106175 0.64290203125 0.1836537453125 0.6346540578125001 0.159783496875
5 0.5806560859375 0.2989315953125 0.628494340625 0.282686509375 0.6019664890625 0.2858017921875 0.5644900765624999 0.2889855515625 0.5216006046875 0.301915384375 0.5437051796875 0.30887755625 0.5806560859375 0.2989315953125
2 0.523691853125 0.329779159375 0.5232681609375 0.3180094046875 0.5162510890625 0.3155762765625 0.49317174062499997 0.3146466421875 0.4821028046875 0.3146466421875 0.45301470625 0.3256403359375 0.4481399890625 0.331589890625 0.44041748125 0.3482744515625 0.4471103140625 0.3617255703125 0.4597237515625 0.3747886984375 0.48752477968749997 0.3683218390625 0.5109497140625 0.35745746718750004 0.523691853125 0.329779159375
3 0.5412600390625 0.423708690625 0.5412600390625 0.40340265625000005 0.5425638078125 0.3879799078125 0.42252466093749996 0.397582446875 0.4352667859375 0.41038689531249994 0.45379271093750007 0.43677180781249997 0.46975254843750003 0.43547843437499995 0.4876430390625 0.4359957703125 0.5121719171875 0.4357370921875 0.5274882265625 0.43457307343749996 0.5410026125 0.4315983015625 0.5412600390625 0.423708690625
3 0.5428403328125 0.4936804453125 0.5405235828125 0.47324508749999994 0.541939375 0.44750683437500005 0.5387216671874999 0.44091060937500004 0.5222469750000001 0.44323868906249997 0.49869333281249995 0.44401472656249996 0.471664559375 0.4447907640625 0.45377407343750004 0.4451787546875 0.44397655937499997 0.46470878437499996 0.43174926874999997 0.481264 0.5428403328125 0.4936804453125
2 0.522731090625 0.5670970546875 0.5329484890625 0.56166486875 0.5272853109375 0.542264184375 0.518723425 0.53278716875 0.5093888140625 0.5253209234375 0.5014088906249999 0.5170433109375 0.48840931718749997 0.51264583125 0.47806925156249996 0.5086363640625 0.46043619218750004 0.51135245625 0.4534859390625 0.5258382828125 0.454515615625 0.5432989 0.468802246875 0.5585607640625 0.493385565625 0.5648982984375001 0.522731090625 0.5670970546875
5 0.536880321875 0.5726585859375 0.530444903125 0.586627075 0.548206678125 0.5921886046875 0.5797402468749999 0.585721703125 0.610023259375 0.5840730734374999 0.5843737515625 0.577702746875 0.5592755984375 0.5681317499999999 0.536880321875 0.5726585859375
0 0.5121825906249999 0.8441728234375001 0.5254395625 0.8400340453125 0.5356186468749999 0.830544784375 0.5513210796875 0.8235605250000001 0.57228095625 0.814636196875 0.583735996875 0.8070052984375 0.5805182906249999 0.7939421703125 0.5834785874999999 0.769346971875 0.5785876531249999 0.7534384281250001 0.57228095625 0.7478769187500001 0.5765283343750001 0.7429620703125 0.5887556234375 0.7405046453125 0.6032904453125 0.7352101656250001 0.622982840625 0.7225350515625 0.638427859375 0.7004182734375 0.643576196875 0.680370884375 0.6431900781250001 0.6604528734375 0.6389426953124999 0.643121621875 0.626248053125 0.6278597593749999 0.6132484953125 0.6163486953125 0.592140315625 0.6054843140624999 0.5706467109375 0.6049669546875001 0.5500533578125 0.6085884203124999 0.5284303343750001 0.617512725 0.52327761875 0.636538453125 0.5212182859375 0.6604659578125001 0.5060306906250001 0.674822459375 0.48994212656249997 0.68400544375 0.474754534375 0.6878855765624999 0.46123131562499997 0.69111900625 0.447716928125 0.6889202828125 0.4356862671875 0.680642659375 0.41689482968749997 0.682065378125 0.3994753703125 0.6918950546875 0.38699065 0.7105197015625 0.373476265625 0.717891953125 0.340655609375 0.722030765625 0.3297670546875 0.8034314312499999 0.3636994 0.8065355265624999 0.38828271875000003 0.8065355265624999 0.43860832812500006 0.8157185109375 0.4642213 0.8269709171875 0.48644089687500003 0.8441728234375001 0.4932624453125 0.8441728234375001 0.5016284953125 0.8441728234375001 0.5121825906249999 0.8441728234375001
4 0.653742446875 0.643125990625 0.6431550578125 0.6313233031250001 0.6526054140624999 0.6550648125 0.6533323906249999 0.689763859375 0.65006110625 0.703643496875 0.6478802359375 0.717157890625 0.6551497656249999 0.7072960203124999 0.6638732046875 0.6817283265625 0.6606019203125 0.667118171875 0.653742446875 0.643125990625
1 0.8607301984375001 0.5283218296875 0.8622033468750001 0.7964783578125 0.8760795281249999 0.8066450312500001 0.8877107640625 0.8004357140625 0.9084289078125 0.7905738437500001 0.9287002484375 0.7715806796875 0.947964471875 0.7456476828125 0.9530531390625001 0.6879375828125001 0.94687404375 0.62803599375 0.9297906765624999 0.5882233734375 0.8952604296875 0.5553505734375 0.8607301984375001 0.5283218296875
1 0.8612164609375 0.043565165625 0.8387639640625 0.03723379375 0.8681225109374999 0.293398575 0.8939293171875 0.270752828125 0.908831875 0.242628340625 0.9233708890625 0.20098942812499998 0.9219169953125 0.1633682828125 0.92373435625 0.11259804843750001 0.9099222875 0.08191676718749999 0.8888406578125 0.0640193640625 0.8612164609375 0.043565165625