0 0.3118118890625 0.7681738953125 0.3144729484375 0.73639626875 0.3115161703125 0.710209109375 0.32186482031249997 0.68591243125 0.3322135671875 0.658254125 0.3455189953125 0.6429537640625 0.36621624375 0.6417767984375 0.39194011875 0.6347151140625 0.40199317343749996 0.6064683125 0.40317579531250003 0.5852832078125 0.391644475 0.5596845421875 0.38780066875 0.5476208015624999 0.3682860421875 0.537322496875 0.355572 0.53702824375 0.341379446875 0.5379109546875 0.3283697609375 0.5402648625 0.3067853859375 0.551693484375 0.2964366375 0.5634629875 0.297028071875 0.5811172390625 0.291410184375 0.5990657296874999 0.2698258578125 0.6058331859375 0.2582944375 0.60642166875 0.2488328421875 0.6020081015625001 0.235823034375 0.60141963125 0.2361187515625 0.5908270796874999 0.225474409375 0.5861192828124999 0.2095078484375 0.5870019953125001 0.1994548921875 0.59641759375 0.195906778125 0.61819116875 0.19442838906249998 0.64815649375 0.189993221875 0.666104990625 0.207733815625 0.696411453125 0.22665710625000002 0.7426067328125 0.2346074015625 0.76636675 0.24321495468749998 0.8031881765625 0.31417730625 0.799363075 0.3118118890625 0.7681738953125
4 0.3106291171875 0.5277914703125 0.3067853859375 0.5372070625 0.323047590625 0.5330877296875001 0.336648709375 0.527202975 0.383900240625 0.5293884765625 0.3626681796875 0.5224951843750001 0.3443362734375 0.5198470484375 0.327778425 0.52043553125 0.3106291171875 0.5277914703125
5 0.41392591406249996 0.6217405671875 0.42250053125000003 0.6037920953125 0.42427458749999997 0.581724290625 0.4236832265625 0.5605391859375 0.4112648046875 0.548181196875 0.393819903125 0.545827303125 0.399733434375 0.561716140625 0.40239454375 0.5714259734375 0.4083080265625 0.5967303859374999 0.41392591406249996 0.6217405671875
2 0.44127287031250007 0.6926435578125 0.4513258515625 0.6911723624999999 0.4699534734375 0.6867588015625 0.48976374375000004 0.682345253125 0.5089827515625001 0.6702815 0.50366058125 0.6464482703125001 0.4933118328125 0.61996689375 0.4749799765625 0.6134936546875001 0.456943715625 0.6117282421875 0.42737603281250003 0.612022471875 0.43388095 0.622909271875 0.43095994062500004 0.622645684375 0.425010665625 0.648802153125 0.4282630625 0.6691045703125 0.43417659375 0.6899954328125 0.44127287031250007 0.6926435578125
3 0.5707791015625 0.67440081875 0.5879282359375 0.6673391203125 0.5885196703125 0.6520387734375 0.5879282359375 0.6314421640625001 0.5849715062499999 0.62084959375 0.5826061640625 0.605255015625 0.5734401859375 0.610257053125 0.5447595828125 0.6073146875 0.5315703328125 0.6069009609375 0.538550334375 0.686464584375 0.5577692671875 0.6805798281250001 0.5707791015625 0.67440081875
3 0.5966974421875 0.6133638593749999 0.5981758312500001 0.6257218531250001 0.5981758312500001 0.6457299921875 0.5958104140625 0.6563225265625 0.6029066671875001 0.6642669609375 0.6088201484375 0.6689747374999999 0.6209429281250001 0.6754479890625 0.6318829140625 0.677801884375 0.6434143078125001 0.681038503125 0.6622015671875 0.6032675640625 0.6375008015625 0.6080675859375 0.6135510078124999 0.611598434375 0.5987671671875 0.6110099640625 0.5966974421875 0.6133638593749999
2 0.6741646609374999 0.6598534 0.6720949109375 0.6686805203125 0.6842176171875 0.6716228859375 0.7055063500000001 0.6742710359374999 0.7267950328125 0.6766249421875 0.7347782890625 0.678684584375 0.742465878125 0.6598534 0.7492664375 0.635137421875 0.746605328125 0.615423525 0.7454226562499999 0.6060079203125001 0.72945611875 0.603654025 0.7125067640625 0.6077083828125 0.69190520625 0.6157177546875 0.6756430250000001 0.63042964375 0.6750516890625 0.6466127046875 0.6741646609374999 0.6598534
5 0.7457182984374999 0.578960175 0.7501533921875 0.5892585046875001 0.7578410046874999 0.5539499921875 0.762406271875 0.51889199375 0.7557713046875 0.5309994640625 0.7471966390625 0.55041914375 0.7457182984374999 0.578960175
4 0.8332385234374999 0.5083431828125 0.8533444859375001 0.516876075 0.85097909375 0.5092259015625 0.834125503125 0.50186995625 0.8131325125 0.50275266875 0.7939135296875001 0.5101086078125 0.7818792515624999 0.519699415625 0.792139421875 0.5159933578125 0.8110628125 0.5083431828125 0.8332385234374999 0.5083431828125
0 0.9420174875 0.7240627328125 0.9505920296875001 0.6893426687499999 0.9668542359375 0.674630828125 0.974837540625 0.6608016625 0.97631590625 0.6334375609375 0.97631590625 0.6128409515625 0.9739504640625001 0.5890077046875 0.967149978125 0.5754727734375 0.959166671875 0.5704707484375 0.9505920296875001 0.568999540625 0.9411304093749999 0.568999540625 0.9328515109375 0.5704707484375 0.9266423109374999 0.574884309375 0.9266423109374999 0.584005665625 0.8982574 0.591655846875 0.8879087015625 0.5834171890625 0.8760815890625 0.580769040625 0.8719421890625 0.5728246375 0.8701680828124999 0.5581127593749999 0.8698724406249999 0.543106653125 0.85893238125 0.5307486671875 0.8391221109375 0.518390690625 0.8063020328125001 0.518390690625 0.793883634375 0.5219215421875 0.7826479328125 0.5286890046875 0.7743690078125 0.542223934375 0.7646116703125 0.5619378375 0.7646116703125 0.574884309375 0.7690467875 0.5922443171875 0.7829436249999999 0.614312134375 0.8000928343749999 0.615462396875 0.8290690812499999 0.6342936 0.8456270031249999 0.6660712531249999 0.8509491734375001 0.689610265625 0.851836203125 0.7157973828124999 0.8533145671875 0.742278771875 0.8459226718749999 0.77376219375 0.9183633125 0.7875224171874999 0.926938003125 0.747013275 0.9420174875 0.7240627328125
1 0.8402014046874999 0.22348274687499997 0.78402289375 0.226719365625 0.7331665546874999 0.24466782656250002 0.6911805234374999 0.264381771875 0.68674538125 0.28939194218750003 0.9279265953125 0.3150180109375 0.918259959375 0.2758740921875 0.9102766546875 0.2558659421875 0.8851442140625 0.23584071718750002 0.8402014046874999 0.22348274687499997
1 0.369487440625 0.26113586875 0.33814572656249997 0.2534856828125 0.2955683359375 0.24877788125000003 0.2615655859375 0.2561338140625 0.23968554375 0.274376534375 0.232589290625 0.2961501203125 0.23217327812500002 0.32551449374999997 0.4191610359375 0.2987982703125 0.39550695937499997 0.2764362234375 0.369487440625 0.26113586875