0 0.6417767984375 0.6337837562499999 0.6347151140625 0.60805988125 0.6064683125 0.5980068265625 0.5852832078125 0.5968242046875 0.5596845421875 0.608355525 0.5476208015624999 0.61219933125 0.537322496875 0.6317139578125001 0.53702824375 0.644428 0.5379109546875 0.658620553125 0.5402648625 0.6716302390625 0.551693484375 0.6932146140625 0.5634629875 0.7035633625 0.5811172390625 0.702971928125 0.5990657296874999 0.708589815625 0.6058331859375 0.7301741421875 0.60642166875 0.7417055625 0.6020081015625001 0.7511671578125 0.60141963125 0.764176965625 0.5908270796874999 0.7638812484375 0.5861192828124999 0.7745255906249999 0.5870019953125001 0.7904921515625001 0.59641759375 0.8005451078125001 0.61819116875 0.8040932218749999 0.64815649375 0.8055716109375 0.666104990625 0.8100067781250001 0.696411453125 0.7922661843750001 0.7426067328125 0.77334289375 0.76636675 0.7653925984375001 0.8031881765625 0.7567850453125 0.799363075 0.6858226937499999 0.7681738953125 0.6881881109375 0.73639626875 0.6855270515624999 0.710209109375 0.6884838296875 0.68591243125 0.6781351796874999 0.658254125 0.6677864328124999 0.6429537640625 0.6544810046875 0.6417767984375 0.6337837562499999
4 0.5198470484375 0.6556637265624999 0.52043553125 0.672221575 0.5277914703125 0.6893708828125 0.5372070625 0.6932146140625 0.5330877296875001 0.676952409375 0.527202975 0.663351290625 0.5293884765625 0.6160997593750001 0.5224951843750001 0.6373318203125 0.5198470484375 0.6556637265624999
5 0.561716140625 0.6002665656249999 0.5714259734375 0.59760545625 0.5967303859374999 0.5916919734375 0.6217405671875 0.5860740859375 0.6037920953125 0.5774994687499999 0.581724290625 0.5757254125 0.5605391859375 0.5763167734375 0.548181196875 0.5887351953125 0.545827303125 0.606180096875 0.561716140625 0.6002665656249999
2 0.61996689375 0.5066881671875 0.6134936546875001 0.5250200234375 0.6117282421875 0.543056284375 0.612022471875 0.5726239671875 0.622909271875 0.56611905 0.622645684375 0.569040059375 0.648802153125 0.574989334375 0.6691045703125 0.5717369375 0.6899954328125 0.56582340625 0.6926435578125 0.5587271296874999 0.6911723624999999 0.5486741484375 0.6867588015625 0.5300465265625001 0.682345253125 0.51023625625 0.6702815 0.4910172484375 0.6464482703125001 0.49633941875 0.61996689375 0.5066881671875
3 0.610257053125 0.42655981406250004 0.6073146875 0.45524041718749997 0.6069009609375 0.4684296671875 0.686464584375 0.461449665625 0.6805798281250001 0.4422307328125 0.67440081875 0.4292208984375 0.6673391203125 0.4120717640625 0.6520387734375 0.41148032968750003 0.6314421640625001 0.4120717640625 0.62084959375 0.41502849375000006 0.605255015625 0.41739383593749996 0.610257053125 0.42655981406250004
3 0.6754479890625 0.37905707187500004 0.677801884375 0.3681170859375 0.681038503125 0.3565856921875 0.6032675640625 0.3377984328125 0.6080675859375 0.3624991984375 0.611598434375 0.3864489921875 0.6110099640625 0.4012328328125 0.6133638593749999 0.40330255781249996 0.6257218531250001 0.40182416875 0.6457299921875 0.40182416875 0.6563225265625 0.4041895859375 0.6642669609375 0.39709333281250003 0.6689747374999999 0.3911798515625 0.6754479890625 0.37905707187500004
2 0.6598534 0.257534121875 0.635137421875 0.2507335625 0.615423525 0.25339467187500003 0.6060079203125001 0.25457734374999996 0.603654025 0.27054388125 0.6077083828125 0.2874932359375 0.6157177546875 0.30809479375 0.63042964375 0.324356975 0.6466127046875 0.3249483109375 0.6598534 0.3258353390625 0.6686805203125 0.32790508906250004 0.6716228859375 0.31578238281250004 0.6742710359374999 0.29449365 0.6766249421875 0.2732049671875 0.678684584375 0.2652217109375 0.6598534 0.257534121875
5 0.578960175 0.25428170156249996 0.5892585046875001 0.24984660781249998 0.5539499921875 0.24215899531249999 0.51889199375 0.23759372812500001 0.5309994640625 0.2442286953125 0.55041914375 0.2528033609375 0.578960175 0.25428170156249996
4 0.519699415625 0.21812074843749998 0.5159933578125 0.20786057812499997 0.5083431828125 0.1889371875 0.5083431828125 0.1667614765625 0.516876075 0.1466555140625 0.5092259015625 0.14902090625 0.50186995625 0.165874496875 0.50275266875 0.18686748749999998 0.5101086078125 0.2060864703125 0.519699415625 0.21812074843749998
0 0.5890077046875 0.0260495359375 0.5754727734375 0.032850021875 0.5704707484375 0.040833328125 0.568999540625 0.0494079703125 0.568999540625 0.058869590625 0.5704707484375 0.06714848906250001 0.574884309375 0.0733576890625 0.584005665625 0.0733576890625 0.591655846875 0.10174259999999999 0.5834171890625 0.11209129843750001 0.580769040625 0.1239184109375 0.5728246375 0.1280578109375 0.5581127593749999 0.1298319171875 0.543106653125 0.130127559375 0.5307486671875 0.14106761875 0.518390690625 0.1608778890625 0.518390690625 0.19369796718750001 0.5219215421875 0.20611636562500002 0.5286890046875 0.2173520671875 0.542223934375 0.2256309921875 0.5619378375 0.23538832968749998 0.574884309375 0.23538832968749998 0.5922443171875 0.2309532125 0.614312134375 0.217056375 0.615462396875 0.199907165625 0.6342936 0.17093091875 0.6660712531249999 0.154372996875 0.689610265625 0.1490508265625 0.7157973828124999 0.148163796875 0.742278771875 0.1466854328125 0.77376219375 0.154077328125 0.7875224171874999 0.0816366875 0.747013275 0.07306199687500001 0.7240627328125 0.05798251250000001 0.6893426687499999 0.0494079703125 0.674630828125 0.0331457640625 0.6608016625 0.025162459375 0.6334375609375 0.02368409375 0.6128409515625 0.02368409375 0.5890077046875 0.0260495359375
1 0.2758740921875 0.081740040625 0.2558659421875 0.08972334531250001 0.23584071718750002 0.11485578593750001 0.22348274687499997 0.1597985953125 0.226719365625 0.21597710625 0.24466782656250002 0.2668334453125 0.264381771875 0.3088194765625 0.28939194218750003 0.31325461875 0.3150180109375 0.0720734046875 0.2758740921875 0.081740040625
1 0.32551449374999997 0.767826721875 0.2987982703125 0.5808389640625 0.2764362234375 0.604493040625 0.26113586875 0.630512559375 0.2534856828125 0.6618542734374999 0.24877788125000003 0.7044316640625 0.2561338140625 0.7384344140625 0.274376534375 0.7603144562499999 0.2961501203125 0.767410709375 0.32551449374999997 0.767826721875