0 0.252981671875 0.6283932531249999 0.2593267265625 0.611091621875 0.256568009375 0.6013379640625 0.25960263437500003 0.57057951875 0.2659476890625 0.54668681875 0.294362453125 0.5247165015624999 0.316432215625 0.5101611703125 0.335191521875 0.4826982765625 0.3302258 0.455235371875 0.319742696875 0.432715809375 0.3004316765625 0.42282916562499995 0.27698255625 0.41788584375 0.25711974843749996 0.4233784265625 0.2383604671875 0.43051877968749996 0.2262221484375 0.44425021249999996 0.2229116421875 0.4549607578125 0.226497978125 0.461277225 0.226497978125 0.4722623640625 0.20884217500000002 0.4879162265625 0.18346200937499998 0.4876416 0.18346200937499998 0.4706146015625 0.1738064984375 0.46155184531250004 0.14980564062499999 0.4629249890625 0.13766727031249998 0.47583254999999997 0.127184140625 0.5033263406249999 0.11476991406249999 0.5302399875 0.1169768921875 0.5489147515624999 0.12939109375 0.5615476734375 0.14483991875 0.5876374359375001 0.1557626484375 0.61579346875 0.1638751078125 0.6723338609375 0.2568439171875 0.665193528125 0.252981671875 0.6283932531249999
4 0.249656034375 0.416353184375 0.26953902812499997 0.41205029218749994 0.3101693640625 0.417213778125 0.3059914921875 0.414012940625 0.272132396875 0.4060262109375 0.23928224375 0.4077473796875 0.21896707499999998 0.4215167109375 0.249656034375 0.416353184375
5 0.3503426578125 0.48384343124999996 0.3452137171875 0.456939465625 0.338436046875 0.4388401953125 0.3408737859375 0.494447934375 0.34560825 0.5046596640625001 0.3503426578125 0.48384343124999996
2 0.3669131859375 0.58907980625 0.381313759375 0.5882942859375 0.3970952421875 0.5806354921875 0.41484935 0.572191178125 0.420175621875 0.5609975515625 0.41504664375000005 0.5415559890625 0.40972040937500004 0.530558740625 0.393938928125 0.512491834375 0.3775656921875 0.503851146875 0.3592197578125 0.5007090703125 0.3555779140625 0.5079714671875 0.34994814375 0.5329152890625 0.346989121875 0.5511785765625 0.353104440625 0.5661034109374999 0.3669131859375 0.58907980625
3 0.4785670203125 0.5904528953125 0.49000857187499997 0.5788665234375 0.4949402734375 0.55726478125 0.49612383437499996 0.5346811515625001 0.494348465625 0.5152395890625 0.4902058109375 0.5087590671875 0.47205717031249994 0.5071880203125 0.44820415 0.5046795015625001 0.44226966562500003 0.5957551515625 0.4566702203125 0.5914347921875 0.4785670203125 0.5904528953125
3 0.5087490203125 0.533502859375 0.509538121875 0.55117700625 0.5065791015625 0.5818122125 0.521966015625 0.591631178125 0.5485972234375 0.5967370484375001 0.5531604999999999 0.507372928125 0.52512225625 0.5120975125 0.5089463140625 0.5132757953125 0.503028271875 0.51995269375 0.5087490203125 0.533502859375
2 0.6110539359375 0.593202725 0.6400523578125 0.59673755625 0.6473512921875 0.5733683890625 0.6510993593750001 0.5521594375000001 0.6520857 0.5209350984375 0.646562190625 0.510527 0.61342116875 0.5136690765624999 0.5916545203125 0.52443129375 0.585211803125 0.5433223593750001 0.5785046953124999 0.5590327140625 0.5903407890625 0.58338375 0.6110539359375 0.593202725
5 0.649126678125 0.48771515 0.657806503125 0.5057820515625 0.6635272515625 0.4723975421875 0.674356515625 0.4310591875 0.6603709921875 0.44392253750000005 0.6505075515625001 0.465720653125 0.649126678125 0.48771515
0 0.8573855984375 0.5947813703125 0.8767178546875 0.5776963562499999 0.8822414015625 0.5610041328125 0.8830304671875 0.5441155046875 0.87608120625 0.5044642625 0.86306150625 0.48227341562500003 0.8531980656249999 0.4704906484375 0.8411647062500001 0.4679377140625 0.8247914703125 0.47009789375000005 0.8176898125 0.47461460312500003 0.8226214781250001 0.4828625390625 0.811969009375 0.4909141078125 0.7875077562499999 0.4901285875 0.7788279874999999 0.4803096046875 0.7760662046875 0.4722580640625 0.7811952 0.45851149375 0.775474396875 0.44613960312499995 0.762651990625 0.43592787343749995 0.7460814609375 0.42591252031250004 0.7115595296875 0.42414510156249996 0.6940026593749999 0.4339640703125 0.678615728125 0.4457468390625 0.6663851109375 0.4835917390625 0.67092228125 0.4975346734375 0.6803911515625 0.514816065625 0.70761415 0.5271131984374999 0.7157021671875 0.5312371687499999 0.73365356875 0.55126786875 0.74016341875 0.562657871875 0.7447005890625 0.584848746875 0.7423333750000001 0.6009518468749999 0.7409524656250001 0.61155633125 0.7447005890625 0.62314273125 0.7450291296875 0.6552120968749999 0.837066946875 0.6582386687499999 0.8429850249999999 0.6283889984375 0.8573855984375 0.5947813703125
4 0.759935121875 0.42050954531249995 0.7733493546875 0.4240443765625 0.7615132515624999 0.4156000625 0.7439564 0.41147608125 0.7230459671875 0.41108333437500005 0.6935716484375 0.4199862125 0.7123934625 0.418349375 0.7386301468750001 0.41442177031250005 0.759935121875 0.42050954531249995
1 0.82779536875 0.17123155625 0.814578375 0.1594487796875 0.7843963734375 0.14962981875 0.7498744421875 0.1364723953125 0.707067246875 0.1364723953125 0.6784633578125 0.1405963640625 0.636843946875 0.161608959375 0.6181034703125 0.18105052187499998 0.5985739203125 0.1985282921875 0.8710050203125 0.239526659375 0.8664599374999999 0.219933646875 0.8579774062500001 0.20461605781249997 0.8479167265625 0.189887590625 0.82779536875 0.17123155625
1 0.322949678125 0.144559996875 0.29375396249999997 0.1347410265625 0.265939175 0.131598959375 0.23595441250000002 0.13611568125 0.2083368640625 0.1433817125 0.18446742031250002 0.15261154999999998 0.1690804875 0.16223414687499998 0.148170046875 0.17558794375 0.13889846875 0.18913811875 0.12962686406249999 0.20799054843749998 0.12220792031250001 0.229052225 0.3698995015625 0.18363949375 0.3495808671875 0.1618413828125 0.322949678125 0.144559996875