0 0.683567784375 0.4898388296875 0.664808478125 0.5173017234375 0.6697742 0.544764628125 0.680257303125 0.567284190625 0.6995683234375 0.577170834375 0.72301744375 0.5821141562500001 0.7428802515624999 0.5766215734375 0.7616395328125 0.5694812203125 0.7737778515625 0.5557497875 0.7770883578125 0.5450392421875 0.773502021875 0.538722775 0.773502021875 0.5277376359375 0.791157825 0.5120837734375 0.8165379906249999 0.5123584 0.8165379906249999 0.5293853984375 0.8261935015624999 0.5384481546875 0.8501943593749999 0.5370750109375 0.8623327296875001 0.52416745 0.8728158593750001 0.496673659375 0.8852300859375 0.4697600125 0.8830231078124999 0.45108524843750003 0.87060890625 0.4384523265625 0.85516008125 0.4123625640625 0.8442373515625 0.38420653125 0.8361248921875 0.32766613906250003 0.7431560828125 0.334806471875 0.747018328125 0.371606746875 0.7406732734375 0.388908378125 0.743431990625 0.3986620359375 0.740397365625 0.42942048125000004 0.7340523109375 0.45331318125 0.705637546875 0.4752834984375 0.683567784375 0.4898388296875
4 0.781032925 0.5784832890625 0.750343965625 0.583646815625 0.730460971875 0.5879497078125 0.6898306359374999 0.582786221875 0.6940085078125 0.5859870593750001 0.727867603125 0.5939737890625 0.76071775625 0.5922526203125 0.781032925 0.5784832890625
5 0.6547862828125 0.543060534375 0.661563953125 0.5611598046874999 0.6591262140625 0.505552065625 0.65439175 0.4953403359375 0.6496573421875 0.51615656875 0.6547862828125 0.543060534375
2 0.590279590625 0.46944125937500003 0.6060610718749999 0.487508165625 0.6224343078125 0.49614885312499996 0.6407802421875 0.4992909296875 0.6444220859375 0.4920285328125 0.65005185625 0.4670847109375 0.653010878125 0.4488214234375 0.646895559375 0.43389658906250006 0.6330868140625 0.41092019375 0.618686240625 0.41170571406249995 0.6029047578125 0.4193645078125 0.58515065 0.42780882187499997 0.579824378125 0.4390024484375 0.58495335625 0.4584440109375 0.590279590625 0.46944125937500003
3 0.5279428296875001 0.4928119796875 0.55179585 0.4953204984375 0.557730334375 0.40424484843749997 0.5433297796875001 0.40856520781250005 0.5214329796875 0.4095471046875 0.509991428125 0.4211334765625 0.5050597265625 0.44273521875000005 0.503876165625 0.4653188484375 0.505651534375 0.4847604109375 0.5097941890625 0.49124093281250003 0.5279428296875001 0.4928119796875
3 0.47487774375 0.4879024875 0.4910536859375 0.4867242046875 0.496971728125 0.48004730625 0.4912509796875 0.46649714062500003 0.490461878125 0.44882299375 0.49342089843750003 0.41818778749999996 0.478033984375 0.408368821875 0.45140277656250005 0.40326295156249997 0.4468395 0.492627071875 0.47487774375 0.4879024875
2 0.38657883125 0.48633092343750006 0.4083454796875 0.47556870625 0.414788196875 0.456677640625 0.4214953046875 0.4409672859375 0.4096592109375 0.41661625 0.3889460640625 0.406797275 0.35994764218749997 0.40326244375 0.3526487078125 0.4266316109375 0.34890064062500004 0.4478405625 0.3479143 0.47906490156250003 0.353437809375 0.489473 0.38657883125 0.48633092343750006
5 0.35087332187500003 0.51228485 0.342193496875 0.4942179484375 0.33647274843749997 0.5276024578125 0.325643484375 0.5689408125 0.3396290078125 0.5560774625 0.3494924484375 0.534279346875 0.35087332187500003 0.51228485
0 0.146801934375 0.5295093515625 0.15883529375 0.5320622859374999 0.1752085296875 0.52990210625 0.1823101875 0.525385396875 0.177378521875 0.5171374609375 0.188030990625 0.5090858921875 0.21249224375 0.5098714125 0.2211720125 0.5196903953125 0.22393379531250002 0.5277419359375 0.21880480000000002 0.54148850625 0.22452560312499997 0.553860396875 0.237348009375 0.5640721265625 0.2539185390625 0.5740874796875 0.2884404703125 0.5758548984375 0.305997340625 0.5660359296874999 0.321384271875 0.5542531609375 0.33361488906250003 0.5164082609375 0.32907771874999997 0.5024653265625 0.31960884843750004 0.485183934375 0.29238585 0.4728868015625 0.2842978328125 0.46876283125 0.26634643125 0.44873213125 0.25983658125 0.43734212812499995 0.2552994109375 0.415151253125 0.25766662500000004 0.39904815312499997 0.259047534375 0.38844366875 0.2552994109375 0.37685726875 0.2549708703125 0.34478790312499996 0.162933053125 0.34176133124999997 0.157014975 0.3716110015625 0.1426144015625 0.4052186296875 0.1232821453125 0.42230364375 0.1177585984375 0.4389958671875 0.1169695328125 0.45588449531249997 0.12391879374999999 0.4955357375 0.13693849375 0.517726584375 0.146801934375 0.5295093515625
4 0.2876065375 0.581650625 0.261369853125 0.5855782296875 0.24006487812500002 0.5794904546875 0.22665064531249998 0.5759556234375001 0.2384867484375 0.5843999375 0.25604360000000004 0.58852391875 0.27695403281250003 0.588916665625 0.30642835156250003 0.5800137875 0.2876065375 0.581650625
1 0.363156053125 0.8383910406249999 0.3818965296875 0.818949478125 0.4014260796875 0.8014717078125001 0.1289949796875 0.760473340625 0.1335400625 0.780066353125 0.14202259374999998 0.7953839421875 0.1520832734375 0.8101124093750001 0.17220463125000002 0.8287684437499999 0.18542162499999998 0.8405512203125 0.2156036265625 0.85037018125 0.2501255578125 0.8635276046874999 0.292932753125 0.8635276046874999 0.3215366421875 0.8594036359375 0.363156053125 0.8383910406249999
1 0.8309195125000001 0.8377658531250001 0.851829953125 0.8244120562499999 0.8611015312499999 0.8108618812499999 0.8703731359375 0.7920094515625 0.8777920796875 0.770947775 0.6301004984375 0.81636050625 0.6504191328125 0.8381586171875 0.677050321875 0.8554400031249999 0.7062460374999999 0.8652589734375 0.734060825 0.868401040625 0.7640455875 0.8638843187499999 0.7916631359374999 0.8566182875000001 0.8155325796874999 0.8473884500000001 0.8309195125000001 0.8377658531250001