0 0.5101611703125 0.683567784375 0.4826982765625 0.664808478125 0.455235371875 0.6697742 0.432715809375 0.680257303125 0.42282916562499995 0.6995683234375 0.41788584375 0.72301744375 0.4233784265625 0.7428802515624999 0.43051877968749996 0.7616395328125 0.44425021249999996 0.7737778515625 0.4549607578125 0.7770883578125 0.461277225 0.773502021875 0.4722623640625 0.773502021875 0.4879162265625 0.791157825 0.4876416 0.8165379906249999 0.4706146015625 0.8165379906249999 0.46155184531250004 0.8261935015624999 0.4629249890625 0.8501943593749999 0.47583254999999997 0.8623327296875001 0.5033263406249999 0.8728158593750001 0.5302399875 0.8852300859375 0.5489147515624999 0.8830231078124999 0.5615476734375 0.87060890625 0.5876374359375001 0.85516008125 0.61579346875 0.8442373515625 0.6723338609375 0.8361248921875 0.665193528125 0.7431560828125 0.6283932531249999 0.747018328125 0.611091621875 0.7406732734375 0.6013379640625 0.743431990625 0.57057951875 0.740397365625 0.54668681875 0.7340523109375 0.5247165015624999 0.705637546875 0.5101611703125 0.683567784375
4 0.4215167109375 0.781032925 0.416353184375 0.750343965625 0.41205029218749994 0.730460971875 0.417213778125 0.6898306359374999 0.414012940625 0.6940085078125 0.4060262109375 0.727867603125 0.4077473796875 0.76071775625 0.4215167109375 0.781032925
5 0.456939465625 0.6547862828125 0.4388401953125 0.661563953125 0.494447934375 0.6591262140625 0.5046596640625001 0.65439175 0.48384343124999996 0.6496573421875 0.456939465625 0.6547862828125
2 0.530558740625 0.590279590625 0.512491834375 0.6060610718749999 0.503851146875 0.6224343078125 0.5007090703125 0.6407802421875 0.5079714671875 0.6444220859375 0.5329152890625 0.65005185625 0.5511785765625 0.653010878125 0.5661034109374999 0.646895559375 0.58907980625 0.6330868140625 0.5882942859375 0.618686240625 0.5806354921875 0.6029047578125 0.572191178125 0.58515065 0.5609975515625 0.579824378125 0.5415559890625 0.58495335625 0.530558740625 0.590279590625
3 0.5071880203125 0.5279428296875001 0.5046795015625001 0.55179585 0.5957551515625 0.557730334375 0.5914347921875 0.5433297796875001 0.5904528953125 0.5214329796875 0.5788665234375 0.509991428125 0.55726478125 0.5050597265625 0.5346811515625001 0.503876165625 0.5152395890625 0.505651534375 0.5087590671875 0.5097941890625 0.5071880203125 0.5279428296875001
3 0.5120975125 0.47487774375 0.5132757953125 0.4910536859375 0.51995269375 0.496971728125 0.533502859375 0.4912509796875 0.55117700625 0.490461878125 0.5818122125 0.49342089843750003 0.591631178125 0.478033984375 0.5967370484375001 0.45140277656250005 0.507372928125 0.4468395 0.5120975125 0.47487774375
2 0.5136690765624999 0.38657883125 0.52443129375 0.4083454796875 0.5433223593750001 0.414788196875 0.5590327140625 0.4214953046875 0.58338375 0.4096592109375 0.593202725 0.3889460640625 0.59673755625 0.35994764218749997 0.5733683890625 0.3526487078125 0.5521594375000001 0.34890064062500004 0.5209350984375 0.3479143 0.510527 0.353437809375 0.5136690765624999 0.38657883125
5 0.48771515 0.35087332187500003 0.5057820515625 0.342193496875 0.4723975421875 0.33647274843749997 0.4310591875 0.325643484375 0.44392253750000005 0.3396290078125 0.465720653125 0.3494924484375 0.48771515 0.35087332187500003
0 0.4704906484375 0.146801934375 0.4679377140625 0.15883529375 0.47009789375000005 0.1752085296875 0.47461460312500003 0.1823101875 0.4828625390625 0.177378521875 0.4909141078125 0.188030990625 0.4901285875 0.21249224375 0.4803096046875 0.2211720125 0.4722580640625 0.22393379531250002 0.45851149375 0.21880480000000002 0.44613960312499995 0.22452560312499997 0.43592787343749995 0.237348009375 0.42591252031250004 0.2539185390625 0.42414510156249996 0.2884404703125 0.4339640703125 0.305997340625 0.4457468390625 0.321384271875 0.4835917390625 0.33361488906250003 0.4975346734375 0.32907771874999997 0.514816065625 0.31960884843750004 0.5271131984374999 0.29238585 0.5312371687499999 0.2842978328125 0.55126786875 0.26634643125 0.562657871875 0.25983658125 0.584848746875 0.2552994109375 0.6009518468749999 0.25766662500000004 0.61155633125 0.259047534375 0.62314273125 0.2552994109375 0.6552120968749999 0.2549708703125 0.6582386687499999 0.162933053125 0.6283889984375 0.157014975 0.5947813703125 0.1426144015625 0.5776963562499999 0.1232821453125 0.5610041328125 0.1177585984375 0.5441155046875 0.1169695328125 0.5044642625 0.12391879374999999 0.48227341562500003 0.13693849375 0.4704906484375 0.146801934375
4 0.418349375 0.2876065375 0.41442177031250005 0.261369853125 0.42050954531249995 0.24006487812500002 0.4240443765625 0.22665064531249998 0.4156000625 0.2384867484375 0.41147608125 0.25604360000000004 0.41108333437500005 0.27695403281250003 0.4199862125 0.30642835156250003 0.418349375 0.2876065375
1 0.161608959375 0.363156053125 0.18105052187499998 0.3818965296875 0.1985282921875 0.4014260796875 0.239526659375 0.1289949796875 0.219933646875 0.1335400625 0.20461605781249997 0.14202259374999998 0.189887590625 0.1520832734375 0.17123155625 0.17220463125000002 0.1594487796875 0.18542162499999998 0.14962981875 0.2156036265625 0.1364723953125 0.2501255578125 0.1364723953125 0.292932753125 0.1405963640625 0.3215366421875 0.161608959375 0.363156053125
1 0.16223414687499998 0.8309195125000001 0.17558794375 0.851829953125 0.18913811875 0.8611015312499999 0.20799054843749998 0.8703731359375 0.229052225 0.8777920796875 0.18363949375 0.6301004984375 0.1618413828125 0.6504191328125 0.144559996875 0.677050321875 0.1347410265625 0.7062460374999999 0.131598959375 0.734060825 0.13611568125 0.7640455875 0.1433817125 0.7916631359374999 0.15261154999999998 0.8155325796874999 0.16223414687499998 0.8309195125000001