0 0.2398152234375 0.8844938765625001 0.2530129375 0.857434984375 0.2409627859375 0.845724803125 0.2426842625 0.8223044234374999 0.268792771875 0.7763205671875 0.2940406078125 0.7691802171875 0.31154189374999997 0.7540426734375 0.3210098421875 0.7309079328125 0.3181407765625 0.7049170453125 0.3037954484375 0.6826391390625 0.2857203015625 0.6695009 0.27280950625 0.6646454609375 0.2515784046875 0.6646454609375 0.22518295156249998 0.67292826875 0.21657578125 0.67978300625 0.209689953125 0.6934924812500001 0.20940311718750002 0.7103437140625 0.2082554203125 0.7294798625000001 0.1990744703125 0.7371700765625 0.1729659609375 0.7394549796875001 0.160915890625 0.730600946875 0.1494395734375 0.7257455125 0.1350942453125 0.7303153390625 0.12390490000000001 0.7634465671874999 0.118453659375 0.8071455343749999 0.136815721875 0.839419915625 0.152595584375 0.8682669234375 0.160055165625 0.9207668296874999 0.23952825312499998 0.9139121046875 0.2398152234375 0.8844938765625001
4 0.311579890625 0.662623340625 0.281416703125 0.651826209375 0.24784861406249997 0.646970778125 0.234364009375 0.6549679609375 0.311579890625 0.662623340625
5 0.3603681296875 0.735710128125 0.33569417968750004 0.6711613375 0.340858503125 0.7077199281250001 0.3440144859375 0.7434216859375 0.35778600781250003 0.7459922265625 0.3603681296875 0.735710128125
2 0.38330451875 0.798897996875 0.40376396562499994 0.8003442078124999 0.4249497984375 0.8017903953125 0.432697725 0.7998621359375 0.42434449062499996 0.7917875421875 0.4140542171875 0.7840744843749999 0.4089696359375 0.7810615750000001 0.3960160171875 0.7694920015625 0.38403089375 0.759368634375 0.3704719671875 0.7540659078124999 0.3604238375 0.7493657640625 0.359033165625 0.75637688125 0.3615133890625 0.7693714921875 0.368292853125 0.7799769265625 0.377130353125 0.7932337421875 0.38330451875 0.798897996875
3 0.500116653125 0.807620696875 0.4985428359375 0.7993050625 0.4970901078125 0.7859277546875 0.4979375390625 0.7732735328125 0.4961216125 0.76507841875 0.47348305156250003 0.7642347953125 0.4575872828125 0.7628049546875 0.47151521250000006 0.815480559375 0.4876472875 0.8131907484375 0.500116653125 0.807620696875
3 0.508667725 0.779191015625 0.5104836749999999 0.789555425 0.50927305625 0.803896878125 0.5116942921875001 0.8096816640625001 0.529853546875 0.8112483796875001 0.54329143125 0.81365870625 0.538085771875 0.7617161343750001 0.5195633078124999 0.7644880125 0.509151990625 0.766657309375 0.5039463328125 0.7718395140625 0.508667725 0.779191015625
2 0.5794495093750001 0.793584071875 0.5939769218750001 0.7997303984374999 0.618189265625 0.7988867921875 0.6306586640625 0.797320071875 0.6405857046875 0.7863530843750001 0.6483336765625001 0.7721321421875 0.65099705625 0.7616472234375 0.647970478125 0.7462211234375 0.6369538640625 0.742726146875 0.61704563125 0.75288735625 0.60063533125 0.7633344531249999 0.5853815328125 0.7771938375 0.57896525625 0.78647359375 0.5794495093750001 0.793584071875
5 0.64963396875 0.7415094703125 0.660892715625 0.7387375921875 0.66137698125 0.7193344515625 0.6645245921875 0.6924592921875 0.668537390625 0.6726282671875 0.6512077734374999 0.7123445 0.647091678125 0.7315066 0.64963396875 0.7415094703125
4 0.7363597703125 0.641485434375 0.7582457046875 0.6430416765625 0.7591389984375 0.636594390625 0.7301066484375001 0.63570513125 0.7012976328125 0.6514898203125 0.688568034375 0.659271 0.7017442796875 0.655936209375 0.7363597703125 0.641485434375
0 0.883736440625 0.80366803125 0.8902128749999999 0.791440471875 0.8908828359375001 0.7687856015625 0.8850763609375001 0.7467759421875 0.8817264765624999 0.730991284375 0.8744085500000001 0.717429790625 0.8686020750000001 0.7096485890625 0.8527459484375 0.7096485890625 0.8469394328125001 0.7138726609375 0.84202629375 0.7254332781249999 0.8250535390625 0.7254332781249999 0.810314040625 0.722320803125 0.8004877 0.7140949984375 0.7940112874999999 0.70342365 0.7940112874999999 0.684526496875 0.78597155625 0.6738551546875 0.77659184375 0.661849896875 0.7486761625 0.65251246875 0.7330433281250001 0.6505116015625 0.711157434375 0.659626703125 0.6953013078125 0.67429979375 0.685698303125 0.6965317390625 0.684135028125 0.728776546875 0.6986511921874999 0.746117471875 0.72388695 0.7561218421875 0.7502394375 0.773685096875 0.7634156609375 0.7939161640625 0.7685521546875 0.8094785468750001 0.7707854109375 0.827041775 0.766542190625 0.8372684874999999 0.7694454484375 0.8508299828125001 0.7722855671875 0.8667778421874999 0.8540341093749999 0.8733431234375001 0.8696668609374999 0.8250107265625 0.883736440625 0.80366803125
1 0.8060364828125 0.36068095312500004 0.7742801140625 0.3504279859375 0.7322244046875 0.3465831453125 0.68587725625 0.35384564531249996 0.6549791390624999 0.3734971640625 0.63953015 0.3846045265625 0.6283724578125 0.4072464625 0.8723168734375 0.4370861875 0.8648286703125001 0.41365456875 0.8558167171875001 0.3974207078125 0.8459464546875 0.3824684953125 0.8060364828125 0.36068095312500004
1 0.3430803609375 0.381897803125 0.308099259375 0.368124296875 0.280427646875 0.359028615625 0.22900009843750002 0.36554908125 0.194541146875 0.3746447796875 0.1496399734375 0.3941355625 0.13058309375 0.424281296875 0.1266672734375 0.44974925312499997 0.12590513125 0.463508915625 0.3814551828125 0.413862659375 0.36631412343749997 0.40008918906249996 0.3430803609375 0.381897803125