0 0.7540426734375 0.6884581062499999 0.7309079328125 0.6789901578124999 0.7049170453125 0.6818592234375 0.6826391390625 0.6962045515625 0.6695009 0.7142796984374999 0.6646454609375 0.72719049375 0.6646454609375 0.7484215953125 0.67292826875 0.7748170484375 0.67978300625 0.78342421875 0.6934924812500001 0.790310046875 0.7103437140625 0.7905968828125001 0.7294798625000001 0.7917445796875 0.7371700765625 0.8009255296875001 0.7394549796875001 0.8270340390625 0.730600946875 0.839084109375 0.7257455125 0.8505604265625 0.7303153390625 0.8649057546875 0.7634465671874999 0.8760951 0.8071455343749999 0.881546340625 0.839419915625 0.8631842781250001 0.8682669234375 0.847404415625 0.9207668296874999 0.839944834375 0.9139121046875 0.760471746875 0.8844938765625001 0.7601847765625 0.857434984375 0.7469870625 0.845724803125 0.7590372140625 0.8223044234374999 0.7573157375 0.7763205671875 0.7312072281249999 0.7691802171875 0.7059593921875 0.7540426734375 0.6884581062499999
4 0.646970778125 0.7521513859375 0.6549679609375 0.765635990625 0.662623340625 0.688420109375 0.651826209375 0.718583296875 0.646970778125 0.7521513859375
5 0.6711613375 0.6643058203125001 0.7077199281250001 0.659141496875 0.7434216859375 0.6559855140625 0.7459922265625 0.6422139921875 0.735710128125 0.6396318703125 0.6711613375 0.6643058203125001
2 0.7810615750000001 0.5910303640625 0.7694920015625 0.6039839828125 0.759368634375 0.61596910625 0.7540659078124999 0.6295280328125 0.7493657640625 0.6395761624999999 0.75637688125 0.640966834375 0.7693714921875 0.6384866109375 0.7799769265625 0.631707146875 0.7932337421875 0.622869646875 0.798897996875 0.6166954812500001 0.8003442078124999 0.5962360343750001 0.8017903953125 0.5750502015625 0.7998621359375 0.5673022750000001 0.7917875421875 0.575655509375 0.7840744843749999 0.5859457828125 0.7810615750000001 0.5910303640625
3 0.7628049546875 0.5424127171875 0.815480559375 0.5284847874999999 0.8131907484375 0.5123527125 0.807620696875 0.499883346875 0.7993050625 0.5014571640625001 0.7859277546875 0.5029098921874999 0.7732735328125 0.5020624609375 0.76507841875 0.5038783875 0.7642347953125 0.5265169484375 0.7628049546875 0.5424127171875
3 0.7617161343750001 0.46191422812500005 0.7644880125 0.4804366921875 0.766657309375 0.49084800937499995 0.7718395140625 0.49605366718750005 0.779191015625 0.491332275 0.789555425 0.48951632500000003 0.803896878125 0.49072694375000003 0.8096816640625001 0.4883057078125 0.8112483796875001 0.47014645312500003 0.81365870625 0.45670856875 0.7617161343750001 0.46191422812500005
2 0.7616472234375 0.34900294375 0.7462211234375 0.352029521875 0.742726146875 0.3630461359375 0.75288735625 0.38295436875 0.7633344531249999 0.39936466875 0.7771938375 0.4146184671875 0.78647359375 0.42103474375000005 0.793584071875 0.420550490625 0.7997303984374999 0.40602307812499994 0.7988867921875 0.381810734375 0.797320071875 0.3693413359375 0.7863530843750001 0.3594142953125 0.7721321421875 0.35166632343750004 0.7616472234375 0.34900294375
5 0.7315066 0.352908321875 0.7415094703125 0.35036603125 0.7387375921875 0.339107284375 0.7193344515625 0.33862301875 0.6924592921875 0.3354754078125 0.6726282671875 0.331462609375 0.7123445 0.3487922265625 0.7315066 0.352908321875
4 0.655936209375 0.2982557203125 0.641485434375 0.2636402296875 0.6430416765625 0.24175429531249998 0.636594390625 0.24086100156249998 0.63570513125 0.2698933515625 0.6514898203125 0.2987023671875 0.659271 0.31143196562500003 0.655936209375 0.2982557203125
0 0.7096485890625 0.131397925 0.7096485890625 0.1472540515625 0.7138726609375 0.1530605671875 0.7254332781249999 0.15797370625 0.7254332781249999 0.1749464609375 0.722320803125 0.189685959375 0.7140949984375 0.1995123 0.70342365 0.2059887125 0.684526496875 0.2059887125 0.6738551546875 0.21402844375000002 0.661849896875 0.22340815625000002 0.65251246875 0.2513238375 0.6505116015625 0.266956671875 0.659626703125 0.288842565625 0.67429979375 0.3046986921875 0.6965317390625 0.314301696875 0.728776546875 0.315864971875 0.746117471875 0.3013488078125 0.7561218421875 0.27611305 0.773685096875 0.24976056249999998 0.7939161640625 0.23658433906249998 0.8094785468750001 0.2314478453125 0.827041775 0.2292145890625 0.8372684874999999 0.233457809375 0.8508299828125001 0.2305545515625 0.8667778421874999 0.22771443281249998 0.8733431234375001 0.145965890625 0.8250107265625 0.1303331390625 0.80366803125 0.11626355937499999 0.791440471875 0.10978712500000001 0.7687856015625 0.10911716406250001 0.7467759421875 0.1149236390625 0.730991284375 0.1182735234375 0.717429790625 0.12559145 0.7096485890625 0.131397925
1 0.4072464625 0.3716275421875 0.4370861875 0.1276831265625 0.41365456875 0.1351713296875 0.3974207078125 0.14418328281249998 0.3824684953125 0.15405354531249998 0.36068095312500004 0.1939635171875 0.3504279859375 0.22571988593749998 0.3465831453125 0.2677755953125 0.35384564531249996 0.31412274375 0.3734971640625 0.3450208609375 0.3846045265625 0.36046985 0.4072464625 0.3716275421875
1 0.424281296875 0.86941690625 0.44974925312499997 0.8733327265625 0.463508915625 0.87409486875 0.413862659375 0.6185448171875 0.40008918906249996 0.6336858765625 0.381897803125 0.6569196390625 0.368124296875 0.6919007406250001 0.359028615625 0.719572353125 0.36554908125 0.7709999015625 0.3746447796875 0.805458853125 0.3941355625 0.8503600265625 0.424281296875 0.86941690625