0 0.19788238281249998 0.6365092171875 0.23611839843750002 0.62570735625 0.24283539687500003 0.581471134375 0.23973530625 0.5459792703125 0.220617178125 0.5264330265625 0.218550484375 0.5248898984375 0.1818645859375 0.5233467828125 0.1627466015625 0.5279761484375001 0.1472454296875 0.5418642640625 0.13226112343750002 0.57118361875 0.1084927890625 0.59124425625 0.0914415953125 0.5979311109375 0.0811075453125 0.6005030203125 0.0707734953125 0.58352865 0.0511387890625 0.5727267640625 0.029437243749999998 0.5933017703125001 0.020136589062499998 0.6215923734375 0.0061855828125 0.657084225 0.026853731250000002 0.694119234375 0.034158925 0.7261582062499999 0.036671109375 0.8160260031250001 0.12916084218749999 0.8103679109374999 0.12916084218749999 0.76561733125 0.1348446359375 0.75481546875 0.1503457125 0.7260104734375 0.1348446359375 0.7131510609375 0.1555127375 0.6647998687500001 0.1803144203125 0.6354805015625 0.19788238281249998 0.6365092171875
4 0.2112154515625 0.517226796875 0.19211432343749998 0.5137054890625 0.16758941562500002 0.5122969796875 0.1555627765625 0.5130012453125 0.1607507078125 0.5195743578124999 0.1918784765625 0.5195743578124999 0.209800521875 0.5205133531249999 0.23644781093749997 0.5341291015625 0.22230285 0.5192278390625 0.2112154515625 0.517226796875
5 0.24399390625 0.5571730500000001 0.24658791562500001 0.5773618796875 0.2536624046875 0.60858415625 0.2553130921875 0.6170353140625 0.26427411562500003 0.6123402484375 0.27158442968749996 0.5888648421875 0.2741784171875 0.5658589484375 0.2529549296875 0.5395665000000001 0.2424349140625 0.5356843359375 0.24399390625 0.5571730500000001
2 0.309565178125 0.650063796875 0.2873984328125 0.634804784375 0.270116503125 0.6304880671875 0.2635809796875 0.6463077359375 0.2635809796875 0.6672008203125 0.26829730625 0.6864506312499999 0.2767867 0.7040571921875001 0.292350584375 0.7040571921875001 0.310508390625 0.7040571921875001 0.326072296875 0.7019443953125 0.334090084375 0.6852768625000001 0.3239499796875 0.6632100203125 0.309565178125 0.650063796875
3 0.3720871171875 0.64998698125 0.354958775 0.639789565625 0.3562873640625 0.732150884375 0.3791615828125 0.724404003125 0.40274325624999996 0.7201784171875001 0.404865571875 0.7100839984375 0.402271628125 0.6891908921875001 0.402979015625 0.672758134375 0.40462979062500004 0.6605509265625 0.3937822328125 0.6574991234375 0.3720871171875 0.64998698125
3 0.43879056875 0.726171521875 0.45553353437500005 0.7308665984375 0.4677959546875 0.7440128234375 0.46244962031250003 0.641936065625 0.4425636375 0.6501112296875 0.420868521875 0.6585623765624999 0.41072841718750003 0.6625531984374999 0.4135581859375 0.6785164640625 0.4187461625 0.6888456359374999 0.41426566249999996 0.6994095703125 0.414501465625 0.7043393984375 0.416388 0.7132600484375 0.41803873124999996 0.726171521875 0.43879056875 0.726171521875
2 0.55151078125 0.6404863125 0.5463228484375 0.63297419375 0.5278788296875 0.642651565625 0.5076489640624999 0.655275809375 0.4847747671875 0.671943340625 0.48005844062499997 0.6907236703125 0.49137762656249995 0.705278415625 0.5081205921875 0.7078606953125 0.5272217203125 0.7116167765625 0.5383050593750001 0.7038698953125 0.5500959171875001 0.6738213875 0.551275 0.6585623765624999 0.55151078125 0.6404863125
0 0.770327375 0.5993883390625 0.7524053281249999 0.5970408125 0.7333042 0.5972755859375 0.717976096875 0.6069004796875 0.7057136984375 0.60478769375 0.6887348859375 0.5841293609375 0.6847260359375 0.5669923031249999 0.6771799203125 0.5468034859375 0.65053263125 0.531544475 0.63072405 0.5273188906249999 0.6156318375 0.53037069375 0.6021902921875 0.53271824375 0.5859189546875 0.5439720421875001 0.57742958125 0.5573530156250001 0.573184884375 0.5801241421875 0.573184884375 0.59491365 0.5828533390625 0.616980525 0.6019544890625 0.6303615015624999 0.6260077234375 0.6418644421875 0.6396850734374999 0.6534708124999999 0.6500610250000001 0.68117178125 0.6632667453125001 0.7154458578125 0.651947559375 0.726244528125 0.649589396875 0.7379822421875 0.655013175 0.7635704249999999 0.6755291437500001 0.7811769734375 0.67458593125 0.8041828437499999 0.6741958 0.8265350296875 0.7590082109375 0.8296986875 0.7604231171875 0.8012934515625 0.7632528859375001 0.7604462578125 0.770327375 0.7235898749999999 0.7795242453125 0.7039822874999999 0.792494140625 0.679333121875 0.792494140625 0.663135115625 0.7816465828125 0.6127693265625 0.770327375 0.5993883390625
4 0.589204090625 0.531619828125 0.5979292671875001 0.5320893265625 0.6146722546875 0.5234034390625 0.6321226734375001 0.52222966875 0.652167034375 0.5283332734374999 0.6611280578125001 0.5175345921875001 0.6528744890625 0.5172998359375 0.6292928812499999 0.51870835625 0.6073619406249999 0.5191778703125001 0.589204090625 0.531619828125
5 0.548407846875 0.5830309453125 0.5554823140625 0.616366009375 0.5554823140625 0.6072106078124999 0.5599628578125 0.581622425 0.5623210203125 0.5574427625 0.5753329828125 0.5414083359374999 0.550058534375 0.5572080109375 0.548407846875 0.5830309453125
1 0.5565628859375 0.24769875 0.54595113125 0.2615492390625 0.78168664375 0.30672438125 0.7805884796875 0.28197283125 0.7581858890625 0.26131447812499997 0.7386131546875 0.243707928125 0.7188045734374999 0.23995187968749998 0.67423528125 0.228214165625 0.6416925859375 0.21694598125 0.615516990625 0.21694598125 0.5954725843750001 0.2272751578125 0.5747207359375001 0.229622696875 0.5565628859375 0.24769875
1 0.1036845203125 0.22954340156250003 0.0808103234375 0.2398725796875 0.0652464609375 0.251610271875 0.048503484375 0.277198465625 0.046145321875 0.297152553125 0.290451103125 0.2671040453125 0.2770096015625 0.2455066734375 0.24871160312499999 0.221092265625 0.22890304375 0.21217161562500003 0.20154827968750003 0.21217161562500003 0.172778740625 0.21311063749999998 0.15697903124999998 0.2149886625 0.13363320625 0.221561775 0.1036845203125 0.22954340156250003