0 0.8021176171875 0.36349078281249997 0.7638816015625001 0.37429264375 0.757164603125 0.418528865625 0.76026469375 0.45402072968749996 0.779382821875 0.4735669734375 0.781449515625 0.4751101015625 0.8181354140625 0.47665321718750003 0.8372533984375 0.4720238515625 0.8527545703125 0.45813573593749995 0.8677388765625 0.42881638125 0.8915072109375 0.40875574375 0.9085584046875 0.40206888906250005 0.9188924546875 0.3994969796875 0.9292265046875 0.41647135 0.9488612109375 0.42727323593750005 0.97056275625 0.40669822968749997 0.9798634109375 0.3784076265625 0.9938144171875001 0.342915775 0.9731462687500001 0.305880765625 0.9658410749999999 0.27384179375 0.9633288906249999 0.183973996875 0.8708391578124999 0.1896320890625 0.8708391578124999 0.23438266875 0.8651553640625 0.24518453125 0.8496542874999999 0.2739895265625 0.8651553640625 0.28684893906250003 0.8444872625000001 0.33520013125000003 0.8196855796875001 0.3645194984375 0.8021176171875 0.36349078281249997
4 0.7887845484375 0.482773203125 0.8078856765625 0.4862945109375 0.832410584375 0.4877030203125 0.8444372234375 0.4869987546875 0.8392492921875 0.48042564218750006 0.8081215234375 0.48042564218750006 0.790199478125 0.47948664687500003 0.7635521890625 0.4658708984375 0.7776971500000001 0.4807721609375 0.7887845484375 0.482773203125
5 0.75600609375 0.44282695 0.7534120843750001 0.42263812031250003 0.7463375953125 0.39141584375 0.7446869078125 0.3829646859375 0.7357258843750001 0.3876597515625 0.7284155703125 0.41113515781250004 0.7258215828125001 0.43414105156250005 0.7470450703125 0.4604335 0.7575650859375 0.4643156640625 0.75600609375 0.44282695
2 0.690434821875 0.349936203125 0.7126015671875 0.365195215625 0.729883496875 0.3695119328125 0.7364190203125001 0.3536922640625 0.7364190203125001 0.3327991796875 0.73170269375 0.31354936875 0.7232133000000001 0.29594280781250004 0.707649415625 0.29594280781250004 0.689491609375 0.29594280781250004 0.673927703125 0.2980556046875 0.665909915625 0.3147231375 0.6760500203124999 0.3367899796875 0.690434821875 0.349936203125
3 0.6279128828125 0.35001301875 0.645041225 0.360210434375 0.6437126359375 0.26784911562499997 0.6208384171875 0.275595996875 0.59725674375 0.2798215828125 0.595134428125 0.2899160015625 0.5977283718749999 0.31080910781250004 0.5970209843750001 0.327241865625 0.595370209375 0.3394490734375 0.6062177671875 0.3425008765625 0.6279128828125 0.35001301875
3 0.56120943125 0.273828478125 0.544466465625 0.2691334015625 0.5322040453125 0.25598717656250003 0.5375503796875 0.358063934375 0.5574363625000001 0.3498887703125 0.579131478125 0.3414376234375 0.5892715828124999 0.3374468015625 0.5864418140625001 0.3214835359375 0.5812538375 0.31115436406249997 0.5857343375 0.3005904296875 0.585498534375 0.29566060156249996 0.583612 0.2867399515625 0.58196126875 0.273828478125 0.56120943125 0.273828478125
2 0.44848921875 0.3595136875 0.45367715156250005 0.36702580625 0.4721211703125 0.357348434375 0.4923510359375 0.344724190625 0.5152252328125 0.328056659375 0.5199415593750001 0.30927632968749996 0.5086223734375 0.294721584375 0.4918794078125 0.2921393046875 0.4727782796875 0.2883832234375 0.461694940625 0.2961301046875 0.44990408281249994 0.3261786125 0.44872500000000004 0.3414376234375 0.44848921875 0.3595136875
0 0.229672625 0.4006116609375 0.247594671875 0.40295918750000004 0.26669580000000004 0.40272441406250004 0.282023903125 0.3930995203125 0.2942863015625 0.39521230625000003 0.3112651140625 0.41587063906250005 0.3152739640625 0.433007696875 0.3228200796875 0.4531965140625 0.34946736875 0.468455525 0.36927595 0.472681109375 0.3843681625 0.46962930625 0.39780970781249997 0.46728175624999996 0.4140810453125 0.4560279578125 0.42257041875 0.44264698437499994 0.426815115625 0.41987585781250003 0.426815115625 0.40508635000000004 0.41714666093749997 0.383019475 0.39804551093749996 0.36963849843749996 0.3739922765625 0.3581355578125 0.36031492656249997 0.3465291875 0.34993897500000004 0.31882821875 0.33673325468750004 0.2845541421875 0.34805244062499996 0.273755471875 0.350410603125 0.2620177578125 0.344986825 0.236429575 0.32447085625 0.21882302656250002 0.32541406875 0.19581715625 0.3258042 0.17346497031250002 0.24099178906250002 0.1703013125 0.2395768828125 0.1987065484375 0.2367471140625 0.23955374218749997 0.229672625 0.276410125 0.22047575468749997 0.2960177125 0.20750585937500002 0.320666878125 0.20750585937500002 0.336864884375 0.21835341718749998 0.3872306734375 0.229672625 0.4006116609375
4 0.410795909375 0.468380171875 0.4020707328125 0.4679106734375 0.3853277453125 0.47659656093749997 0.3678773265625 0.47777033125 0.347832965625 0.4716667265625 0.3388719421875 0.48246540781249997 0.3471255109375 0.48270016406250005 0.37070711875 0.48129164375 0.39263805937499996 0.4808221296875 0.410795909375 0.468380171875
5 0.451592153125 0.41696905468749995 0.44451768593749996 0.38363399062500003 0.44451768593749996 0.3927893921875 0.44003714218749995 0.41837757499999995 0.4376789796875 0.4425572375 0.42466701718750005 0.4585916640625 0.449941465625 0.44279198906249995 0.451592153125 0.41696905468749995
1 0.4434371140625 0.75230125 0.45404886875 0.7384507609375001 0.21831335625 0.69327561875 0.2194115203125 0.71802716875 0.2418141109375 0.738685521875 0.2613868453125 0.756292071875 0.28119542656249996 0.7600481203125 0.32576471875 0.7717858343749999 0.3583074140625 0.7830540187499999 0.384483009375 0.7830540187499999 0.40452741562499994 0.7727248421875 0.42527926406249994 0.770377303125 0.4434371140625 0.75230125
1 0.8963154796874999 0.7704565984375 0.9191896765625 0.7601274203124999 0.9347535390624999 0.748389728125 0.9514965156249999 0.722801534375 0.953854678125 0.702847446875 0.709548896875 0.7328959546875 0.7229903984375 0.7544933265625 0.7512883968749999 0.7789077343749999 0.77109695625 0.787828384375 0.7984517203125 0.787828384375 0.827221259375 0.7868893625 0.84302096875 0.7850113375000001 0.8663667937499999 0.778438225 0.8963154796874999 0.7704565984375