0 0.8182008234374999 0.32927198281250003 0.7877936578125 0.3356075703125 0.7552650484375001 0.3567262859375 0.7503150609375 0.38840435625 0.7658721953125001 0.4179705921875 0.7885008921875001 0.440497225 0.8182008234374999 0.440497225 0.8450722734375 0.4313457859375 0.8691152437499999 0.40881912031249995 0.8677009703125 0.3982597796875 0.8896223000000001 0.36869354374999996 0.9065937734375 0.3813648015625 0.900229446875 0.39685186250000004 0.92639379375 0.4123389546875 0.9511438015625 0.38910835625 0.9737723671875 0.3546144 0.9857938531249999 0.31519280625 0.9730652640624999 0.2912582578125 0.9412438906249999 0.24620496093750002 0.9360025562500001 0.20574052968749998 0.925686625 0.1166767734375 0.8380008421875 0.12653218125000001 0.8500222624999999 0.171585509375 0.84224379375 0.21241500468750002 0.81537234375 0.23353371875 0.8075936765625 0.2659157734375 0.82880796875 0.27999491718749997 0.8337581546875 0.30533736718750004 0.8182008234374999 0.32927198281250003
4 0.8386092171874999 0.4566569578125 0.8528647484375 0.444135234375 0.8268693796875001 0.45185696562500005 0.7975197859375001 0.451022178125 0.7662593171875 0.44713132499999997 0.7792811046875 0.4497700078125 0.8113560218750001 0.45686565156250003 0.8386092171874999 0.4566569578125
5 0.7344181921875 0.395509196875 0.7344181921875 0.378396175 0.73672425625 0.355022284375 0.7325314015625 0.345213628125 0.7201627 0.3473005703125 0.7249843609375 0.3706744421875 0.7432484609375 0.4388623265625 0.7394495203125 0.41846570156249996 0.7344181921875 0.395509196875
2 0.6677235421875001 0.32191159375 0.6765950515625 0.326214125 0.6891060671875 0.3382159109375 0.707076528125 0.3429713421875 0.7202699890625001 0.34704743125 0.7217535328125 0.340397878125 0.7216348828125 0.32032643437499997 0.7127633515625 0.299719575 0.706849025 0.2813772046875 0.6916083296875 0.2646200046875 0.6699982578125 0.2659786859375 0.6490706765625001 0.273677940625 0.640199165625 0.28681198124999996 0.6376969875 0.30447501093749996 0.6515728953125 0.3178354984375 0.6677235421875001 0.32191159375
3 0.61747280625 0.34876266093749997 0.6136056937500001 0.263844265625 0.584943990625 0.274940265625 0.55923945 0.2824130828125 0.5603768203125 0.3000761125 0.5676559546875 0.3292880359375 0.56833844375 0.3471775015625 0.5794846078125 0.3480833 0.5995023453125 0.3480833 0.61747280625 0.34876266093749997
3 0.49688075937500004 0.3566907703125 0.5209929875 0.35284114375 0.540100796875 0.3462741234375 0.5573888109375 0.33812194375 0.5521569093750001 0.31910024375 0.548517321875 0.3043810421875 0.5507920796875 0.2796980890625 0.5310018671875001 0.27698070625 0.5032500296875 0.2679227703125 0.48618951875 0.2622615265625 0.49688075937500004 0.3566907703125
2 0.39565489375 0.35533206875 0.42158695625 0.347632803125 0.436600234375 0.3410657828125 0.462987178125 0.3240821046875 0.4689015046875 0.3077777765625 0.45548053906249997 0.28988833125 0.443651865625 0.27811295 0.41317036875 0.27018723906250003 0.39701974375 0.2778865140625 0.3808690984375 0.30302236250000003 0.3747273328125 0.33178136875 0.37631962343750003 0.3530675796875 0.39565489375 0.35533206875
5 0.3681659828125 0.3542895640625 0.36384392656250003 0.368329403125 0.3617967125 0.40637282499999994 0.352429634375 0.4342633734375 0.3674835359375 0.4179217171875 0.37885720312500004 0.37534930625 0.3681659828125 0.3542895640625
0 0.12914659687500002 0.3757099484375 0.143477428125 0.391108478125 0.15439619375 0.402430934375 0.18032819375 0.40695991249999997 0.1889722234375 0.40356317812500003 0.1882897765625 0.38657949999999996 0.19693384687499998 0.3741248203125 0.21581413125 0.3743512671875 0.234012096875 0.3834092453125 0.243111025 0.3972226046875 0.2447033171875 0.4212262203125 0.2551671390625 0.4386627703125 0.270180415625 0.4454562484375 0.292017884375 0.45043812031249997 0.3102157859375 0.45043812031249997 0.334782978125 0.43639829218750004 0.34911385 0.41005415312500004 0.354573190625 0.382653815625 0.34046984375 0.35095095781249996 0.311808140625 0.34040151875 0.287923353125 0.33270225781249996 0.26608588437499997 0.31232185156250003 0.266768309375 0.280166078125 0.28018923125 0.26657914374999997 0.26563094062500003 0.2298943921875 0.2447033171875 0.20498500156250002 0.24197365624999997 0.1759995375 0.16689841562500002 0.16815403125 0.16121159375 0.207556165625 0.1550697421875 0.2428822140625 0.140738890625 0.2756222015625 0.119811309375 0.2944174765625 0.116399203125 0.312759846875 0.1145793875 0.334951865625 0.1261894140625 0.359405609375 0.12914659687500002 0.3757099484375
4 0.3163881296875 0.45496899687500003 0.3092970328125 0.45411740156249997 0.2835924828125 0.455249646875 0.269944078125 0.4502677640625 0.247424140625 0.44664458281249997 0.24082738906249998 0.4518529125 0.250608765625 0.46000509218749996 0.2681242625 0.46136377343749996 0.2851847953125 0.4631753578125 0.3163881296875 0.45496899687500003
1 0.310377040625 0.780420475 0.33744643281250003 0.7724947625 0.362241084375 0.7546052859375 0.37575567187500003 0.7339984375 0.1406815203125 0.6598149609374999 0.1406815203125 0.6878946390625 0.14113650625000002 0.7229942203124999 0.14545847812499998 0.7381663140625 0.1591069671875 0.7601318671875 0.1779872734375 0.774759240625 0.198459890625 0.785628809375 0.24077004062500001 0.79332806875 0.262380046875 0.79332806875 0.2855823890625 0.7887990953124999 0.310377040625 0.780420475
1 0.862658240625 0.7807457765625 0.8902774093750001 0.7793571625 0.906179340625 0.765470921875 0.9243131531250001 0.751862434375 0.9449577609375 0.730477634375 0.957511934375 0.715202790625 0.96454445 0.699769865625 0.6852259984375 0.7238122453125 0.7030808453125 0.7435306890625 0.7228885296875001 0.765470921875 0.741580275 0.7749135609375 0.7675255437499999 0.7793571625 0.793470865625 0.78324530625 0.81327855 0.783523021875 0.8355970312500001 0.78157895 0.862658240625 0.7807457765625