0 0.32927198281250003 0.1817991765625 0.3356075703125 0.2122063421875 0.3567262859375 0.2447349515625 0.38840435625 0.2496849390625 0.4179705921875 0.2341278046875 0.440497225 0.2114991078125 0.440497225 0.1817991765625 0.4313457859375 0.1549277265625 0.40881912031249995 0.13088475625 0.3982597796875 0.1322990296875 0.36869354374999996 0.1103777 0.3813648015625 0.0934062265625 0.39685186250000004 0.09977055312500001 0.4123389546875 0.07360620625 0.38910835625 0.0488561984375 0.3546144 0.026227632812500002 0.31519280625 0.014206146875 0.2912582578125 0.0269347359375 0.24620496093750002 0.058756109375 0.20574052968749998 0.06399744375000001 0.1166767734375 0.074313375 0.12653218125000001 0.16199915781250002 0.171585509375 0.1499777375 0.21241500468750002 0.15775620625 0.23353371875 0.18462765625 0.2659157734375 0.1924063234375 0.27999491718749997 0.17119203125 0.30533736718750004 0.1662418453125 0.32927198281250003 0.1817991765625
4 0.4566569578125 0.16139078281250002 0.444135234375 0.1471352515625 0.45185696562500005 0.17313062031249998 0.451022178125 0.2024802140625 0.44713132499999997 0.2337406828125 0.4497700078125 0.22071889531250002 0.45686565156250003 0.188643978125 0.4566569578125 0.16139078281250002
5 0.395509196875 0.26558180781249996 0.378396175 0.26558180781249996 0.355022284375 0.26327574375 0.345213628125 0.2674685984375 0.3473005703125 0.2798373 0.3706744421875 0.2750156390625 0.4388623265625 0.25675153906250003 0.41846570156249996 0.2605504796875 0.395509196875 0.26558180781249996
2 0.32191159375 0.33227645781250004 0.326214125 0.3234049484375 0.3382159109375 0.3108939328125 0.3429713421875 0.292923471875 0.34704743125 0.2797300109375 0.340397878125 0.2782464671875 0.32032643437499997 0.2783651171875 0.299719575 0.2872366484375 0.2813772046875 0.293150975 0.2646200046875 0.3083916703125 0.2659786859375 0.3300017421875 0.273677940625 0.3509293234375 0.28681198124999996 0.359800834375 0.30447501093749996 0.3623030125 0.3178354984375 0.3484271046875 0.32191159375 0.33227645781250004
3 0.34876266093749997 0.38252719375 0.263844265625 0.38639430625000004 0.274940265625 0.41505600937500003 0.2824130828125 0.44076055 0.3000761125 0.4396231796875 0.3292880359375 0.43234404531250004 0.3471775015625 0.43166155625 0.3480833 0.42051539218749995 0.3480833 0.4004976546875 0.34876266093749997 0.38252719375
3 0.3566907703125 0.503119240625 0.35284114375 0.4790070125 0.3462741234375 0.459899203125 0.33812194375 0.4426111890625 0.31910024375 0.447843090625 0.3043810421875 0.451482678125 0.2796980890625 0.4492079203125 0.27698070625 0.46899813281249997 0.2679227703125 0.4967499703125 0.2622615265625 0.51381048125 0.3566907703125 0.503119240625
2 0.35533206875 0.60434510625 0.347632803125 0.57841304375 0.3410657828125 0.563399765625 0.3240821046875 0.537012821875 0.3077777765625 0.5310984953125 0.28988833125 0.5445194609375 0.27811295 0.5563481343750001 0.27018723906250003 0.58682963125 0.2778865140625 0.60298025625 0.30302236250000003 0.6191309015625001 0.33178136875 0.6252726671875 0.3530675796875 0.6236803765625 0.35533206875 0.60434510625
5 0.3542895640625 0.6318340171875 0.368329403125 0.6361560734375 0.40637282499999994 0.6382032875 0.4342633734375 0.647570365625 0.4179217171875 0.6325164640625001 0.37534930625 0.621142796875 0.3542895640625 0.6318340171875
0 0.3757099484375 0.870853403125 0.391108478125 0.856522571875 0.402430934375 0.84560380625 0.40695991249999997 0.81967180625 0.40356317812500003 0.8110277765625 0.38657949999999996 0.8117102234375 0.3741248203125 0.8030661531250001 0.3743512671875 0.7841858687500001 0.3834092453125 0.765987903125 0.3972226046875 0.7568889750000001 0.4212262203125 0.7552966828125001 0.4386627703125 0.7448328609375 0.4454562484375 0.729819584375 0.45043812031249997 0.707982115625 0.45043812031249997 0.6897842140625 0.43639829218750004 0.665217021875 0.41005415312500004 0.65088615 0.382653815625 0.645426809375 0.35095095781249996 0.65953015625 0.34040151875 0.688191859375 0.33270225781249996 0.712076646875 0.31232185156250003 0.733914115625 0.280166078125 0.733231690625 0.26657914374999997 0.71981076875 0.2298943921875 0.734369059375 0.20498500156250002 0.7552966828125001 0.1759995375 0.75802634375 0.16815403125 0.833101584375 0.207556165625 0.83878840625 0.2428822140625 0.8449302578125 0.2756222015625 0.859261109375 0.2944174765625 0.8801886906249999 0.312759846875 0.8836007968749999 0.334951865625 0.8854206124999999 0.359405609375 0.8738105859375 0.3757099484375 0.870853403125
4 0.45496899687500003 0.6836118703125 0.45411740156249997 0.6907029671875 0.455249646875 0.7164075171875 0.4502677640625 0.730055921875 0.44664458281249997 0.752575859375 0.4518529125 0.7591726109375 0.46000509218749996 0.749391234375 0.46136377343749996 0.7318757375 0.4631753578125 0.7148152046875 0.45496899687500003 0.6836118703125
1 0.780420475 0.6896229593750001 0.7724947625 0.6625535671875 0.7546052859375 0.637758915625 0.7339984375 0.624244328125 0.6598149609374999 0.8593184796875001 0.6878946390625 0.8593184796875001 0.7229942203124999 0.85886349375 0.7381663140625 0.854541521875 0.7601318671875 0.8408930328125 0.774759240625 0.8220127265625001 0.785628809375 0.8015401093750001 0.79332806875 0.759229959375 0.79332806875 0.7376199531250001 0.7887990953124999 0.7144176109375 0.780420475 0.6896229593750001
1 0.7807457765625 0.13734175937499998 0.7793571625 0.109722590625 0.765470921875 0.093820659375 0.751862434375 0.075686846875 0.730477634375 0.0550422390625 0.715202790625 0.042488065625 0.699769865625 0.03545555 0.7238122453125 0.3147740015625 0.7435306890625 0.29691915468749996 0.765470921875 0.2771114703125 0.7749135609375 0.258419725 0.7793571625 0.23247445625 0.78324530625 0.20652913437499998 0.783523021875 0.18672145 0.78157895 0.16440296875 0.7807457765625 0.13734175937499998