0 0.1499777375 0.828414490625 0.15775620625 0.7875849953125 0.18462765625 0.7664662812499999 0.1924063234375 0.7340842265624999 0.17119203125 0.7200050828125 0.1662418453125 0.6946626328125001 0.1817991765625 0.6707280171875001 0.2122063421875 0.6643924296875 0.2447349515625 0.6432737140625 0.2496849390625 0.6115956437500001 0.2341278046875 0.5820294078125 0.2114991078125 0.559502775 0.1817991765625 0.559502775 0.1549277265625 0.5686542140624999 0.13088475625 0.5911808796875 0.1322990296875 0.6017402203125 0.1103777 0.63130645625 0.0934062265625 0.6186351984375 0.09977055312500001 0.6031481375000001 0.07360620625 0.5876610453125 0.0488561984375 0.6108916437499999 0.026227632812500002 0.6453856 0.014206146875 0.68480719375 0.0269347359375 0.7087417421875 0.058756109375 0.7537950390625 0.06399744375000001 0.7942594703125 0.074313375 0.8833232265625 0.16199915781250002 0.87346781875 0.1499777375 0.828414490625
4 0.1471352515625 0.555864765625 0.17313062031249998 0.548143034375 0.2024802140625 0.548977821875 0.2337406828125 0.552868675 0.22071889531250002 0.5502299921875 0.188643978125 0.5431343484375 0.16139078281250002 0.5433430421875001 0.1471352515625 0.555864765625
5 0.26327574375 0.644977715625 0.2674685984375 0.654786371875 0.2798373 0.6526994296875 0.2750156390625 0.6293255578125 0.25675153906250003 0.5611376734375 0.2605504796875 0.5815342984375 0.26558180781249996 0.604490803125 0.26558180781249996 0.621603825 0.26327574375 0.644977715625
2 0.3083916703125 0.7353799953125 0.3300017421875 0.7340213140625 0.3509293234375 0.7263220593749999 0.359800834375 0.71318801875 0.3623030125 0.6955249890624999 0.3484271046875 0.6821645015625 0.33227645781250004 0.67808840625 0.3234049484375 0.673785875 0.3108939328125 0.6617840890625 0.292923471875 0.6570286578125 0.2797300109375 0.65295256875 0.2782464671875 0.659602121875 0.2783651171875 0.679673565625 0.2872366484375 0.700280425 0.293150975 0.7186227953125 0.3083916703125 0.7353799953125
3 0.44076055 0.7175869171875 0.4396231796875 0.6999238875 0.43234404531250004 0.6707119640625 0.43166155625 0.6528224984375 0.42051539218749995 0.6519167 0.4004976546875 0.6519167 0.38252719375 0.6512373390625 0.38639430625000004 0.736155734375 0.41505600937500003 0.725059734375 0.44076055 0.7175869171875
3 0.447843090625 0.68089975625 0.451482678125 0.6956189578124999 0.4492079203125 0.7203019109375 0.46899813281249997 0.72301929375 0.4967499703125 0.7320772296875 0.51381048125 0.7377384734375 0.503119240625 0.6433092296875 0.4790070125 0.64715885625 0.459899203125 0.6537258765625 0.4426111890625 0.66187805625 0.447843090625 0.68089975625
2 0.5563481343750001 0.7218870500000001 0.58682963125 0.7298127609375 0.60298025625 0.7221134859375 0.6191309015625001 0.6969776375000001 0.6252726671875 0.66821863125 0.6236803765625 0.6469324203125 0.60434510625 0.64466793125 0.57841304375 0.652367196875 0.563399765625 0.6589342171875 0.537012821875 0.6759178953125 0.5310984953125 0.6922222234375 0.5445194609375 0.71011166875 0.5563481343750001 0.7218870500000001
5 0.6318340171875 0.6457104359375 0.6361560734375 0.631670596875 0.6382032875 0.5936271750000001 0.647570365625 0.5657366265625 0.6325164640625001 0.5820782828125 0.621142796875 0.62465069375 0.6318340171875 0.6457104359375
0 0.8449302578125 0.7571177859375 0.859261109375 0.7243777984374999 0.8801886906249999 0.7055825234374999 0.8836007968749999 0.6872401531250001 0.8854206124999999 0.665048134375 0.8738105859375 0.640594390625 0.870853403125 0.6242900515625001 0.856522571875 0.6088915218750001 0.84560380625 0.597569065625 0.81967180625 0.5930400875 0.8110277765625 0.596436821875 0.8117102234375 0.6134204999999999 0.8030661531250001 0.6258751796875 0.7841858687500001 0.6256487328125 0.765987903125 0.6165907546875 0.7568889750000001 0.6027773953125 0.7552966828125001 0.5787737796875 0.7448328609375 0.5613372296875 0.729819584375 0.5545437515625 0.707982115625 0.5495618796875 0.6897842140625 0.5495618796875 0.665217021875 0.5636017078125 0.65088615 0.589945846875 0.645426809375 0.617346184375 0.65953015625 0.6490490421875 0.688191859375 0.65959848125 0.712076646875 0.6672977421875 0.733914115625 0.6876781484375 0.733231690625 0.7198339218750001 0.71981076875 0.73342085625 0.734369059375 0.7701056078125 0.7552966828125001 0.7950149984375 0.75802634375 0.8240004624999999 0.833101584375 0.83184596875 0.83878840625 0.792443834375 0.8449302578125 0.7571177859375
4 0.730055921875 0.5497322359375 0.752575859375 0.5533554171875 0.7591726109375 0.5481470875000001 0.749391234375 0.5399949078125 0.7318757375 0.5386362265625 0.7148152046875 0.5368246421875 0.6836118703125 0.545031003125 0.6907029671875 0.5458825984375 0.7164075171875 0.544750353125 0.730055921875 0.5497322359375
1 0.8408930328125 0.2398681328125 0.8220127265625001 0.22524075937500002 0.8015401093750001 0.214371190625 0.759229959375 0.20667193125 0.7376199531250001 0.20667193125 0.7144176109375 0.2112009046875 0.6896229593750001 0.21957952500000003 0.6625535671875 0.2275052375 0.637758915625 0.2453947140625 0.624244328125 0.2660015625 0.8593184796875001 0.34018503906249997 0.8593184796875001 0.3121053609375 0.85886349375 0.2770057796875 0.854541521875 0.2618336859375 0.8408930328125 0.2398681328125
1 0.2771114703125 0.234529078125 0.258419725 0.22508643906249998 0.23247445625 0.22064283750000002 0.20652913437499998 0.21675469375 0.18672145 0.216476978125 0.16440296875 0.21842104999999998 0.13734175937499998 0.21925422343749998 0.109722590625 0.22064283750000002 0.093820659375 0.234529078125 0.075686846875 0.248137565625 0.0550422390625 0.269522365625 0.042488065625 0.284797209375 0.03545555 0.300230134375 0.3147740015625 0.2761877546875 0.29691915468749996 0.2564693109375 0.2771114703125 0.234529078125