0 0.4560188890625 0.6914215234375 0.42964785625 0.69937570625 0.4259559140625 0.7073298890624999 0.41751718125000004 0.74020726875 0.4217365421875 0.7582367046875 0.4322849625 0.7762662171875 0.443888209375 0.7847506859375 0.4602382359375 0.788992903125 0.4829173296875 0.7937654421875 0.5024318671875 0.8160371328125 0.5024318671875 0.8277033203125 0.490301215625 0.83459689375 0.47817054531250003 0.8452025078125001 0.48080765625 0.8584594796875 0.5029593046875 0.8754283812500001 0.5235286968749999 0.8881551406250001 0.5578110703125 0.89876071875 0.5831272109375 0.8908065359374999 0.5968401625 0.8759587046874999 0.6274305421874999 0.8462630796875 0.66224030625 0.8462630796875 0.657171184375 0.7701109109375001 0.6205740750000001 0.75187334375 0.5994772453125 0.7439191609375 0.586819184375 0.7587669921875 0.555701359375 0.7481614515625 0.5277480812500001 0.732253084375 0.5203642046875 0.7163446453125 0.5066512515625 0.6956638125 0.4887189421875 0.6850582359375 0.47658828125 0.6776343015624999 0.4560188890625 0.6914215234375
4 0.41097294843750004 0.7815690421875 0.4120277671875 0.7539944890625 0.40978984531249996 0.7106912890625 0.4014793421875 0.7587669921875 0.3882938546875 0.7720239640625 0.4067535453125 0.7815690421875 0.41097294843750004 0.7815690421875
5 0.42909765625 0.6785561875 0.45316658906249996 0.6776343015624999 0.4979973484375 0.6680892218750001 0.4790102125 0.6558928234375 0.45949564687500005 0.6574836453125 0.42909765625 0.6785561875
2 0.5646377359375 0.5979058140625 0.5555689109374999 0.5906743624999999 0.5482200203125001 0.5875301859375 0.5407147796875 0.58611531875 0.5307077796875 0.5909887359375 0.5235152578125 0.597277 0.513039184375 0.607023859375 0.506941184375 0.61960034375 0.5016249703125 0.6353210046875 0.49980695312499995 0.6462233562499999 0.5002177375 0.6598452609375001 0.5066284671875 0.6620461515625 0.523984340625 0.6639326453125001 0.5404020625 0.6633038109375 0.555881621875 0.6585876015625 0.5707357515625 0.647740346875 0.5760519609375 0.6414520718750001 0.5746447203125 0.627932290625 0.5646377359375 0.5979058140625
1 0.11367080624999999 0.7018133625 0.1144682859375 0.7264018640625001 0.1179240296875 0.74831771875 0.129886190625 0.794287646875 0.149180765625 0.838119375 0.15954798125 0.854155375 0.19277622187500001 0.8854255999999999 0.2117085828125 0.89238428125 0.1958110484375 0.5999846703125 0.1780007078125 0.6077354171875 0.1604561765625 0.6224351203125 0.1527472296875 0.6331257875 0.145304103125 0.647290875 0.1325444578125 0.6566452078125 0.12722793125 0.661990540625 0.120050634375 0.6777592890624999 0.11367080624999999 0.7018133625
3 0.49940995624999995 0.5163292578124999 0.49917364218750004 0.523694865625 0.49799205156250004 0.5417523828124999 0.500355234375 0.5519691531250001 0.50181209375 0.5715323046874999 0.5934646531250001 0.5667002859375 0.5859024625 0.5574339421875 0.5736139062500001 0.5353372015625 0.5658154109375 0.5153788640625 0.5587258796875 0.5134780953125 0.5464373078125 0.5134780953125 0.525641284375 0.5134780953125 0.5114621984375 0.5134780953125 0.49940995624999995 0.5163292578124999
3 0.5209149281250001 0.5027861031249999 0.5350940390625001 0.5039740984375001 0.54974579375 0.5094388875 0.5620343328125 0.5070628968750001 0.5703054546875 0.491381353125 0.57810395 0.4707102265625 0.5844845656250001 0.46215667343750005 0.49153886093750004 0.4183095203125 0.4982283640625 0.43221920156250004 0.49964626093750003 0.4509894765625 0.49917364218750004 0.4642950453125 0.493738321875 0.47023502187500005 0.4930293484375 0.477363028125 0.4982283640625 0.484015828125 0.5022457734375 0.49066852968749997 0.5008278515625 0.5015981078125 0.5133527296875 0.501835709375 0.5209149281250001 0.5027861031249999
2 0.5478552203125 0.3668793875 0.5372209 0.3628402296875 0.5225691453125 0.36022658750000003 0.51358905 0.360939378125 0.49940995624999995 0.3637905734375 0.49728309531250003 0.3709185453125 0.49799205156250004 0.37519535625 0.5001189046875 0.3939656640625 0.5101928890625 0.413691103125 0.5230417968750001 0.431268759375 0.5391114234375001 0.43673353125 0.5480915265624999 0.42984314531249995 0.56297956875 0.4222399671875 0.566997003125 0.4096472234375 0.566997003125 0.393728078125 0.5665243421875 0.382085775 0.56038008125 0.3756705265625 0.5478552203125 0.3668793875
5 0.4507283734375 0.349772246875 0.42733285312499997 0.3409811078125 0.4422209078125 0.3538114046875 0.4514373296875 0.35785062968750003 0.46348955937499997 0.360939378125 0.48404925312499997 0.362602578125 0.4975194 0.3599889671875 0.49279304375 0.3523858234375 0.47341493281249997 0.3523858234375 0.4507283734375 0.349772246875
4 0.40580708750000005 0.2882532671875 0.4140782359375 0.30797396875 0.4242221546875 0.3256695046875 0.411715053125 0.29086684375 0.41124240937499995 0.2747101140625 0.412424 0.2590285546875 0.4178593140625 0.24809899375 0.417623009375 0.23598145312500002 0.411715053125 0.23954540624999998 0.41147873125 0.2545141421875 0.4072250015625 0.2630677125 0.40580708750000005 0.2882532671875
0 0.5223435249999999 0.13433835624999999 0.5094870453125 0.1383777734375 0.4974341328125 0.1428211671875 0.4881935546875 0.15897877968750002 0.49341649062500004 0.16948135625 0.5102905843750001 0.1686734609375 0.5135046875 0.17594434375 0.5086835328125 0.19048628125 0.504665878125 0.20947161093750002 0.4885952953125 0.224417409375 0.469310625 0.2284568265625 0.45243651875 0.2280529359375 0.43716947656249994 0.2381514796875 0.42270595312500003 0.25430915 0.41909008124999997 0.2773338109375 0.4182865546875 0.28864416875 0.4223041765625 0.2959151375 0.4251165296875 0.3149004375 0.43516065625 0.3185358796875 0.4456065296875 0.32015167031249997 0.45645414687499997 0.33025021250000003 0.4697128078125 0.335097496875 0.4837745578125 0.335097496875 0.506273365625 0.3282305046875 0.51912983125 0.3084373359375 0.527165115625 0.2898560109375 0.5468515546875 0.2749101828125 0.5653327265625 0.270062871875 0.5890368375 0.2587524859375 0.5998844671875 0.257944590625 0.605509175 0.26359982656250003 0.62318679375 0.2660234265625 0.6348379484375 0.2551169875 0.666065040625 0.25632124843750004 0.684656321875 0.179983875 0.658541621875 0.1767522953125 0.620775765625 0.15534339531250002 0.6039017140625 0.141205378125 0.5878311187499999 0.12504770781250002 0.57738524375 0.12504770781250002 0.557297034375 0.12504770781250002 0.5432352734375 0.1242398140625 0.5223435249999999 0.13433835624999999
1 0.1131324015625 0.2678083671875 0.11755184062499999 0.3199168734375 0.1376400375 0.35344402656249996 0.1525053375 0.37848842656250004 0.1834412046875 0.395453990625 0.21334083593750003 0.4059665984375 0.22723351093750002 0.111886765625 0.20915412187500002 0.11633021406249999 0.18143235625 0.135315375 0.1641564796875 0.1518770765625 0.1452735515625 0.168438665625 0.133220653125 0.192675140625 0.12076595781249999 0.23064568749999997 0.12076595781249999 0.24518762343749997 0.1131324015625 0.2678083671875