0 0.2518385484375 0.555701359375 0.26774691562499997 0.5277480812500001 0.28365535468749997 0.5203642046875 0.3043361875 0.5066512515625 0.31494176406249996 0.4887189421875 0.32236569843749996 0.47658828125 0.30857847656250004 0.4560188890625 0.30062429375 0.42964785625 0.2926701109375 0.4259559140625 0.25979273125 0.41751718125000004 0.24176329531250002 0.4217365421875 0.22373378281249998 0.4322849625 0.21524931406249997 0.443888209375 0.21100709687500002 0.4602382359375 0.2062345578125 0.4829173296875 0.1839628671875 0.5024318671875 0.1722966796875 0.5024318671875 0.16540310625000001 0.490301215625 0.1547974921875 0.47817054531250003 0.1415405203125 0.48080765625 0.12457161875 0.5029593046875 0.111844859375 0.5235286968749999 0.10123928125 0.5578110703125 0.1091934640625 0.5831272109375 0.12404129531250001 0.5968401625 0.1537369203125 0.6274305421874999 0.1537369203125 0.66224030625 0.2298890890625 0.657171184375 0.24812665625000002 0.6205740750000001 0.2560808390625 0.5994772453125 0.2412330078125 0.586819184375 0.2518385484375 0.555701359375
4 0.21843095781250002 0.41097294843750004 0.24600551093749998 0.4120277671875 0.2893087109375 0.40978984531249996 0.2412330078125 0.4014793421875 0.2279760359375 0.3882938546875 0.21843095781250002 0.4067535453125 0.21843095781250002 0.41097294843750004
5 0.34251635468749997 0.45949564687500005 0.3214438125 0.42909765625 0.32236569843749996 0.45316658906249996 0.331910778125 0.4979973484375 0.3441071765625 0.4790102125 0.34251635468749997 0.45949564687500005
2 0.33606735468750004 0.523984340625 0.3366961890625 0.5404020625 0.34141239843750004 0.555881621875 0.352259653125 0.5707357515625 0.358547928125 0.5760519609375 0.372067709375 0.5746447203125 0.4020941859375 0.5646377359375 0.4093256375 0.5555689109374999 0.4124698140625 0.5482200203125001 0.41388468125 0.5407147796875 0.4090112640625 0.5307077796875 0.40272300000000005 0.5235152578125 0.39297614062499997 0.513039184375 0.38039965625 0.506941184375 0.3646789953125 0.5016249703125 0.35377664375 0.49980695312499995 0.3401547390625 0.5002177375 0.3379538484375 0.5066284671875 0.33606735468750004 0.523984340625
1 0.3775648796875 0.1604561765625 0.3668742125 0.1527472296875 0.35270912499999996 0.145304103125 0.3433547921875 0.1325444578125 0.338009459375 0.12722793125 0.3222407109375 0.120050634375 0.2981866375 0.11367080624999999 0.27359813593750004 0.1144682859375 0.25168228125000003 0.1179240296875 0.20571235312499997 0.129886190625 0.161880625 0.149180765625 0.145844625 0.15954798125 0.1145744 0.19277622187500001 0.10761571875 0.2117085828125 0.40001532968750003 0.1958110484375 0.3922645828125 0.1780007078125 0.3775648796875 0.1604561765625
3 0.46466279843749997 0.5736139062500001 0.4846211359375 0.5658154109375 0.48652190468749995 0.5587258796875 0.48652190468749995 0.5464373078125 0.48652190468749995 0.525641284375 0.48652190468749995 0.5114621984375 0.48367074218750006 0.49940995624999995 0.476305134375 0.49917364218750004 0.4582476171875 0.49799205156250004 0.44803084687499994 0.500355234375 0.42846769531250006 0.50181209375 0.4332997140625 0.5934646531250001 0.4425660578125 0.5859024625 0.46466279843749997 0.5736139062500001
3 0.529764978125 0.493738321875 0.522636971875 0.4930293484375 0.515984171875 0.4982283640625 0.5093314703125 0.5022457734375 0.49840189218750003 0.5008278515625 0.498164290625 0.5133527296875 0.49721389687500006 0.5209149281250001 0.4960259015625 0.5350940390625001 0.4905611125 0.54974579375 0.49293710312499994 0.5620343328125 0.508618646875 0.5703054546875 0.5292897734374999 0.57810395 0.5378433265625 0.5844845656250001 0.5816904796875 0.49153886093750004 0.5677807984375 0.4982283640625 0.5490105234375 0.49964626093750003 0.5357049546875 0.49917364218750004 0.529764978125 0.493738321875
2 0.5701568546875 0.5480915265624999 0.5777600328125 0.56297956875 0.5903527765625001 0.566997003125 0.606271921875 0.566997003125 0.617914225 0.5665243421875 0.6243294734375 0.56038008125 0.6331206125 0.5478552203125 0.6371597703125 0.5372209 0.6397734125000001 0.5225691453125 0.639060621875 0.51358905 0.6362094265625 0.49940995624999995 0.6290814546875 0.49728309531250003 0.62480464375 0.49799205156250004 0.6060343359375 0.5001189046875 0.586308896875 0.5101928890625 0.568731240625 0.5230417968750001 0.56326646875 0.5391114234375001 0.5701568546875 0.5480915265624999
5 0.6421493703125 0.4514373296875 0.639060621875 0.46348955937499997 0.637397421875 0.48404925312499997 0.6400110328124999 0.4975194 0.6476141765625 0.49279304375 0.6476141765625 0.47341493281249997 0.650227753125 0.4507283734375 0.6590188921875 0.42733285312499997 0.6461885953125 0.4422209078125 0.6421493703125 0.4514373296875
4 0.7409714453125 0.412424 0.75190100625 0.4178593140625 0.764018546875 0.417623009375 0.76045459375 0.411715053125 0.7454858578125 0.41147873125 0.7369322875 0.4072250015625 0.7117467328125 0.40580708750000005 0.69202603125 0.4140782359375 0.6743304953125 0.4242221546875 0.70913315625 0.411715053125 0.7252898859375 0.41124240937499995 0.7409714453125 0.412424
0 0.8446566046875 0.620775765625 0.858794621875 0.6039017140625 0.8749522921875 0.5878311187499999 0.8749522921875 0.57738524375 0.8749522921875 0.557297034375 0.8757601859375 0.5432352734375 0.86566164375 0.5223435249999999 0.8616222265625 0.5094870453125 0.8571788328125001 0.4974341328125 0.8410212203125 0.4881935546875 0.83051864375 0.49341649062500004 0.8313265390625 0.5102905843750001 0.82405565625 0.5135046875 0.8095137187500001 0.5086835328125 0.7905283890625 0.504665878125 0.775582590625 0.4885952953125 0.7715431734375 0.469310625 0.7719470640625 0.45243651875 0.7618485203125 0.43716947656249994 0.74569085 0.42270595312500003 0.7226661890625 0.41909008124999997 0.71135583125 0.4182865546875 0.7040848625 0.4223041765625 0.6850995625 0.4251165296875 0.6814641203125 0.43516065625 0.6798483296875 0.4456065296875 0.6697497875 0.45645414687499997 0.664902503125 0.4697128078125 0.664902503125 0.4837745578125 0.6717694953125 0.506273365625 0.6915626640625 0.51912983125 0.7101439890625 0.527165115625 0.7250898171875 0.5468515546875 0.729937128125 0.5653327265625 0.7412475140625 0.5890368375 0.742055409375 0.5998844671875 0.7364001734375 0.605509175 0.7339765734375 0.62318679375 0.7448830125 0.6348379484375 0.7436787515625001 0.666065040625 0.8200161250000001 0.684656321875 0.8232477046875 0.658541621875 0.8446566046875 0.620775765625
1 0.864684625 0.18143235625 0.8481229234375001 0.1641564796875 0.831561334375 0.1452735515625 0.807324859375 0.133220653125 0.7693543125 0.12076595781249999 0.7548123765625 0.12076595781249999 0.7321916328125 0.1131324015625 0.6800831265625 0.11755184062499999 0.6465559734374999 0.1376400375 0.6215115734375 0.1525053375 0.604546009375 0.1834412046875 0.5940334015625 0.21334083593750003 0.888113234375 0.22723351093750002 0.8836697859375 0.20915412187500002 0.864684625 0.18143235625