0 0.7016749875 0.7643536656250001 0.6800898546874999 0.74049655625 0.6554211421875 0.7192902734375 0.6322941906249999 0.7219410640625 0.5968328984375 0.716639484375 0.5613715781249999 0.730953690625 0.5343901421874999 0.7606425453125001 0.5343901421874999 0.783439434375 0.543640959375 0.8057060109374999 0.5698514609374999 0.8237314484375 0.6315233359375 0.83168378125 0.6454612 0.8603123421875001 0.6470029890625 0.876747246875 0.646170378125 0.8873504062500001 0.6254178421875001 0.893182115625 0.6130834859375 0.90060435625 0.61539616875 0.91385834375 0.6346686187499999 0.9297630453125001 0.689402375 0.9419567015625001 0.73796893125 0.947788409375 0.7742011062499999 0.9387757828125001 0.8235385578125 0.9186297578125 0.8790432218750001 0.9032551828125 0.89902476875 0.8131282890625 0.862021659375 0.8141885453125 0.841207515625 0.795633053125 0.8265603671875 0.7929822625 0.8119133796875 0.7993441 0.79572446875 0.8072964703125001 0.7332818203125 0.7919219328125 0.7055295015625 0.7818489015625001 0.7016749875 0.7643536656250001
4 0.52318445625 0.7346648109375 0.50930824375 0.751099715625 0.50930824375 0.7701854109374999 0.50930824375 0.7951028515624999 0.5170172984375 0.80517591875 0.5262680343749999 0.8041155515625 0.52087173125 0.773366403125 0.5285806796875 0.7431473453125 0.5301755906250001 0.7289427765625 0.52318445625 0.7346648109375
1 0.098876121875 0.8793980375 0.1366501390625 0.8846996171875 0.17365316718749998 0.87621711875 0.1888775265625 0.8647280937499999 0.20294730312499998 0.6556712046875 0.14281724375 0.6731664765625001 0.1035015171875 0.7002045046875 0.068040196875 0.7192902734375 0.0626439203125 0.761702875 0.0503095234375 0.8057060109374999 0.0549349203125 0.8311536531250001 0.0695819875 0.8624329296875001 0.098876121875 0.8793980375
5 0.634218390625 0.6996743765625 0.59567351875 0.6991442484375 0.568097596875 0.71318198125 0.62573848125 0.70497595625 0.6750759875 0.706566415625 0.6735341984375001 0.6901314734375 0.634218390625 0.6996743765625
2 0.69634784375 0.6377533875 0.6827524390625 0.6530530671875 0.67113453125 0.679232421875 0.689759965625 0.69188761875 0.7274937328125 0.6958920171874999 0.7927517359375 0.6991219484375 0.816481934375 0.687222259375 0.811290971875 0.6644427734375 0.8018977656249999 0.637923421875 0.7821226 0.6195638203125 0.7630890140625 0.6192238484375 0.7391116390625 0.6178638609375 0.717111771875 0.6256836875 0.69634784375 0.6377533875
3 0.73145865 0.5356586875 0.721076690625 0.5308988078125 0.704267803125 0.5305588109375 0.6980880609375 0.5366787015625001 0.6906723890625 0.55231831875 0.684492646875 0.5722078328125 0.6776002203125 0.5964500328125 0.8113008468749999 0.6046770890625 0.804132359375 0.5914173890625001 0.797211046875 0.5723778296875001 0.791278471875 0.5526583140625 0.7878178578125 0.5380386640625 0.7742224265625001 0.5334487453125 0.7559304 0.5339587296875 0.7406046453124999 0.5356586875 0.73145865 0.5356586875
3 0.794739153125 0.5025094859375 0.799682940625 0.4902698 0.804132359375 0.466470371875 0.8063570421874999 0.45117069374999996 0.724042978125 0.435701075 0.678165790625 0.44211715468749996 0.6864701546875 0.45729055937499996 0.6919083359375 0.46953024687499995 0.699571209375 0.4889098140625 0.70673970625 0.5040394828125 0.7129194390625 0.5171291250000001 0.7420878015625 0.5205290421875 0.7507394296875 0.5191690796875 0.7635932921874999 0.5169591859375 0.7850987375 0.5111792671875001 0.794739153125 0.5025094859375
2 0.7156246703125 0.35175986406250004 0.6911529234375 0.3546498 0.6753327921875 0.360939628125 0.6773103171875 0.3750493203125 0.684973190625 0.3896689828125 0.6928832468749999 0.40411864687500004 0.71012046875 0.41918103437500004 0.7534446609375001 0.42774806249999997 0.7880511968749999 0.4224781875 0.7976916125 0.4100684796875 0.8125229390625 0.3830391203125 0.8179611109374999 0.36977944375 0.8152420421875 0.360939628125 0.8093095015625 0.35515978125 0.7929949828125 0.34733997968749997 0.7485008828125 0.3468299734375 0.7156246703125 0.35175986406250004
5 0.6024731921875001 0.3344202765625 0.5752321328125001 0.3350171359375 0.5977765890625 0.3454700109375 0.626697759375 0.353629809375 0.6489448109375 0.35515978125 0.660315540625 0.3592396703125 0.67885474375 0.35226984687499996 0.6805850578125 0.340370109375 0.6706975015625 0.3400301609375 0.6328775015625 0.3378201703125 0.6024731921875001 0.3344202765625
4 0.5243922359375001 0.264692565625 0.5227112359375 0.2531321765625 0.531536425 0.23839265781250002 0.5180885375 0.22972236562499998 0.5180885375 0.2409937609375 0.5180885375 0.2710507875 0.5264934671875 0.28058814062500004 0.5303617546875 0.29707229687500003 0.5243922359375001 0.264692565625
0 0.7206249203125 0.0938877203125 0.6718763625 0.1034250734375 0.6571677328125001 0.1086272390625 0.6390971609375 0.1158524828125 0.6252290203124999 0.12914691250000002 0.6277504890625 0.1395512875 0.6353149375 0.14764359062500002 0.6475020546875 0.15082268125 0.6584284593749999 0.1620940765625 0.6517045312499999 0.18290274374999999 0.637836390625 0.2060235609375 0.621867034375 0.2092026515625 0.605477440625 0.2106477 0.5890878328125 0.2115147625 0.5760601890625 0.21382683125000002 0.5596705875 0.2242312453125 0.5466429546875 0.23781462968749997 0.5411797484374999 0.254866259375 0.5424404796875 0.2716288140625 0.5470632 0.29243748125 0.5647135390625 0.30226382812499997 0.5836246375 0.31469125781249996 0.6063179296875 0.317870409375 0.6353149375 0.3230725765625 0.6546462515625 0.32596267343749996 0.6798610484375 0.31613630625 0.699386171875 0.29243748125 0.7166162765624999 0.260646453125 0.737628590625 0.25139809375 0.7893188984374999 0.240126740625 0.8132729390625 0.23752563593749998 0.8309232890624999 0.24966409218750002 0.838907975 0.2534212109375 0.8637024765625 0.2456179 0.8708467015625001 0.23665865625000002 0.88681604375 0.22972236562499998 0.9072790390625001 0.228668175 0.9211693796875 0.1401293546875 0.8993165984375 0.13608316250000002 0.877043534375 0.132615078125 0.850568040625 0.126256815625 0.8127458437499999 0.1155634484375 0.7836619 0.10400305937500001 0.7723152140625 0.09417679375 0.7374347953125 0.09244267187500001 0.7206249203125 0.0938877203125
1 0.09407004218750001 0.3421472203125 0.1293707125 0.3623779203125 0.1524842796875 0.3730712484375 0.1645019921875 0.13349722343749998 0.13735538281249998 0.135216140625 0.098692740625 0.15544682031249998 0.075579196875 0.169608353125 0.062971796875 0.18665994218749998 0.058349098437500004 0.2103587875 0.061711070312500005 0.24735194218749998 0.060450329687500005 0.2722068015625 0.0625515671875 0.3054429796875 0.0764196921875 0.3219165 0.09407004218750001 0.3421472203125