0 0.204366946875 0.841207515625 0.20701773750000002 0.8265603671875 0.20065590000000003 0.8119133796875 0.19270352968749999 0.79572446875 0.2080780671875 0.7332818203125 0.2181510984375 0.7055295015625 0.23564633437500002 0.7016749875 0.25950344375 0.6800898546874999 0.2807097265625 0.6554211421875 0.2780589359375 0.6322941906249999 0.283360515625 0.5968328984375 0.269046309375 0.5613715781249999 0.2393574546875 0.5343901421874999 0.21656056562499998 0.5343901421874999 0.1942939890625 0.543640959375 0.17626855156250001 0.5698514609374999 0.16831621875 0.6315233359375 0.1396876578125 0.6454612 0.12325275312499999 0.6470029890625 0.11264959375000001 0.646170378125 0.10681788437499999 0.6254178421875001 0.09939564375 0.6130834859375 0.08614165625 0.61539616875 0.07023695468749999 0.6346686187499999 0.0580432984375 0.689402375 0.052211590625000005 0.73796893125 0.0612242171875 0.7742011062499999 0.0813702421875 0.8235385578125 0.0967448171875 0.8790432218750001 0.1868717109375 0.89902476875 0.1858114546875 0.862021659375 0.204366946875 0.841207515625
4 0.2048971484375 0.50930824375 0.19482408125 0.5170172984375 0.1958844484375 0.5262680343749999 0.226633596875 0.52087173125 0.25685265468749996 0.5285806796875 0.2710572234375 0.5301755906250001 0.26533518906250003 0.52318445625 0.24890028437499997 0.50930824375 0.2298145890625 0.50930824375 0.2048971484375 0.50930824375
1 0.2997954953125 0.1035015171875 0.2807097265625 0.068040196875 0.23829712500000003 0.0626439203125 0.1942939890625 0.0503095234375 0.168846346875 0.0549349203125 0.13756707031249998 0.0695819875 0.12060196249999999 0.098876121875 0.11530038281249999 0.1366501390625 0.12378288125 0.17365316718749998 0.13527190625000002 0.1888775265625 0.3443287953125 0.20294730312499998 0.3268335234375 0.14281724375 0.2997954953125 0.1035015171875
5 0.30032562343749997 0.634218390625 0.3008557515625 0.59567351875 0.28681801875 0.568097596875 0.29502404375 0.62573848125 0.293433584375 0.6750759875 0.30986852656249997 0.6735341984375001 0.30032562343749997 0.634218390625
2 0.33555722656250003 0.811290971875 0.362076578125 0.8018977656249999 0.3804361796875 0.7821226 0.3807761515625 0.7630890140625 0.3821361390625 0.7391116390625 0.3743163125 0.717111771875 0.3622466125 0.69634784375 0.3469469328125 0.6827524390625 0.320767578125 0.67113453125 0.30811238125 0.689759965625 0.3041079828125 0.7274937328125 0.30087805156249997 0.7927517359375 0.31277774062499997 0.816481934375 0.33555722656250003 0.811290971875
3 0.42762217031249994 0.797211046875 0.4473416859375 0.791278471875 0.4619613359375 0.7878178578125 0.4665512546875 0.7742224265625001 0.4660412703125 0.7559304 0.46434131250000005 0.7406046453124999 0.46434131250000005 0.73145865 0.4691011921875 0.721076690625 0.4694411890625 0.704267803125 0.4633212984375 0.6980880609375 0.44768168125 0.6906723890625 0.4277921671875 0.684492646875 0.40354996718749997 0.6776002203125 0.3953229109375 0.8113008468749999 0.4085826109375 0.804132359375 0.42762217031249994 0.797211046875
3 0.4959605171875 0.70673970625 0.482870875 0.7129194390625 0.47947095781250004 0.7420878015625 0.48083092031249997 0.7507394296875 0.4830408140625 0.7635932921874999 0.48882073281249994 0.7850987375 0.4974905140625 0.794739153125 0.5097302 0.799682940625 0.5335296281249999 0.804132359375 0.54882930625 0.8063570421874999 0.564298925 0.724042978125 0.5578828453125 0.678165790625 0.542709440625 0.6864701546875 0.530469753125 0.6919083359375 0.5110901859375 0.699571209375 0.4959605171875 0.70673970625
2 0.6169608796875 0.8125229390625 0.6302205562500001 0.8179611109374999 0.6390603718750001 0.8152420421875 0.64484021875 0.8093095015625 0.6526600203124999 0.7929949828125 0.6531700265625 0.7485008828125 0.6482401359375001 0.7156246703125 0.6453502 0.6911529234375 0.6390603718750001 0.6753327921875 0.6249506796875 0.6773103171875 0.6103310171875 0.684973190625 0.595881353125 0.6928832468749999 0.580818965625 0.71012046875 0.5722519375 0.7534446609375001 0.5775218125 0.7880511968749999 0.5899315203125 0.7976916125 0.6169608796875 0.8125229390625
5 0.64484021875 0.6489448109375 0.6407603296875 0.660315540625 0.647730153125 0.67885474375 0.659629890625 0.6805850578125 0.6599698390625 0.6706975015625 0.6621798296875 0.6328775015625 0.6655797234375 0.6024731921875001 0.6649828640625 0.5752321328125001 0.6545299890625 0.5977765890625 0.646370190625 0.626697759375 0.64484021875 0.6489448109375
4 0.7616073421875 0.531536425 0.770277634375 0.5180885375 0.7590062390625001 0.5180885375 0.7289492125 0.5180885375 0.719411859375 0.5264934671875 0.7029277031250001 0.5303617546875 0.735307434375 0.5243922359375001 0.7468678234375 0.5227112359375 0.7616073421875 0.531536425
0 0.867384921875 0.877043534375 0.8737431843750001 0.850568040625 0.8844365515625 0.8127458437499999 0.895996940625 0.7836619 0.90582320625 0.7723152140625 0.907557328125 0.7374347953125 0.9061122796875001 0.7206249203125 0.8965749265625 0.6718763625 0.8913727609375 0.6571677328125001 0.8841475171875001 0.6390971609375 0.8708530874999999 0.6252290203124999 0.8604487125 0.6277504890625 0.852356409375 0.6353149375 0.84917731875 0.6475020546875 0.8379059234374999 0.6584284593749999 0.81709725625 0.6517045312499999 0.7939764390625 0.637836390625 0.7907973484374999 0.621867034375 0.7893523 0.605477440625 0.7884852375 0.5890878328125 0.78617316875 0.5760601890625 0.7757687546875001 0.5596705875 0.7621853703125 0.5466429546875 0.745133740625 0.5411797484374999 0.7283711859374999 0.5424404796875 0.70756251875 0.5470632 0.697736171875 0.5647135390625 0.6853087421875 0.5836246375 0.682129590625 0.6063179296875 0.6769274234375 0.6353149375 0.6740373265625 0.6546462515625 0.68386369375 0.6798610484375 0.70756251875 0.699386171875 0.739353546875 0.7166162765624999 0.74860190625 0.737628590625 0.759873259375 0.7893188984374999 0.7624743640625 0.8132729390625 0.7503359078125 0.8309232890624999 0.7465787890625 0.838907975 0.7543821 0.8637024765625 0.76334134375 0.8708467015625001 0.770277634375 0.88681604375 0.7713318250000001 0.9072790390625001 0.8598706453125 0.9211693796875 0.8639168375 0.8993165984375 0.867384921875 0.877043534375
1 0.8133400578125001 0.062971796875 0.7896412125000001 0.058349098437500004 0.7526480578125 0.061711070312500005 0.7277931984375 0.060450329687500005 0.6945570203125 0.0625515671875 0.6780835 0.0764196921875 0.6578527796875 0.09407004218750001 0.6376220796875 0.1293707125 0.6269287515624999 0.1524842796875 0.8665027765625 0.1645019921875 0.864783859375 0.13735538281249998 0.8445531796875001 0.098692740625 0.830391646875 0.075579196875 0.8133400578125001 0.062971796875