1 0.4416771703125 0.7545430625 0.4171491875 0.7473187421875 0.4074226 0.729045484375 0.388815228125 0.708222471875 0.35921254375 0.7065226984375 0.3422967296875 0.71247209375 0.3236893421875 0.7196964140625 0.31353984218750003 0.742644175 0.30719643125 0.769841590625 0.31650011718750004 0.79618911875 0.32580381875 0.8072379937499999 0.352023334375 0.8178619859375 0.3706307203125 0.8199867984375 0.379511503125 0.831460709375 0.380357309375 0.8467592390625001 0.3740138984375 0.8556833640624999 0.3778199703125 0.8629077171875 0.3947357609375 0.8739566218749999 0.41486916249999994 0.8790561625000001 0.4381284 0.8845806156249999 0.453352634375 0.8845806156249999 0.4660394890625 0.885430534375 0.47365161718750004 0.874381628125 0.496487971875 0.8552584203125001 0.5248219468750001 0.8450593703125 0.557132840625 0.840264775 0.56220230625 0.76601700625 0.5457093796875 0.75326816875 0.5364056859375 0.744344075 0.516952540625 0.7413693140625 0.5046885640625 0.7413693140625 0.49876803281250004 0.7519933390625 0.48481247656250004 0.7630422453125 0.46366770312499994 0.7630422453125 0.4416771703125 0.7545430625
2 0.4214222953125 0.62025595 0.39266541718750003 0.635554478125 0.3740371703125 0.65782769375 0.369829078125 0.6729508796875 0.374903828125 0.6789002765625 0.401969134375 0.677625478125 0.45271656875 0.6742258046875 0.4730155515625 0.67040109375 0.47259265624999997 0.6521278671874999 0.46455764843749997 0.635129503125 0.44595026249999997 0.624080534375 0.4214222953125 0.62025595
4 0.2992065953125 0.7876898734375 0.305127128125 0.8021384828125001 0.2992065953125 0.7647421125 0.304281321875 0.7490185781250001 0.3080195765625 0.7272781734375 0.29751501406249997 0.74391906875 0.293286046875 0.7766409999999999 0.2992065953125 0.7876898734375
5 0.3668698203125 0.6818750375 0.359680634375 0.6738007671874999 0.34191899062500003 0.6848497359375 0.2971885640625 0.690998071875 0.3178139828125 0.697173565625 0.349531134375 0.686549571875 0.3668698203125 0.6818750375
1 0.062217473437500004 0.8582331828124999 0.0837851421875 0.8612078484374999 0.0981042578125 0.85114880625 0.131149415625 0.6614770640625001 0.1116962234375 0.67125110625 0.0867454078125 0.69079913125 0.069829578125 0.7205463640625 0.062217473437500004 0.7434940937500001 0.05037640156249999 0.779190690625 0.043610078125 0.8153122328125001 0.051222190625 0.84718418125 0.062217473437500004 0.8582331828124999
3 0.3609040265625 0.5727762281250001 0.362279740625 0.597660184375 0.3581204796875 0.62360789375 0.4827932515625 0.6125905015625001 0.46738511875000005 0.6023604453125 0.45280243125 0.5791355171875 0.436293759375 0.5639286203125 0.417308734375 0.5592283609375001 0.39667286874999996 0.5586753640625 0.3765872734375 0.5586753640625 0.363105175 0.5625462140625 0.3609040265625 0.5727762281250001
3 0.4299170015625 0.5519017828125 0.44807658281249996 0.5444366234375 0.4588072421875 0.531994625 0.47641653437500003 0.512640484375 0.36248284218750004 0.4877126703125 0.36278164375 0.5032398812500001 0.36223134375 0.5223175453125 0.36003019531249997 0.5375243796875 0.3608556203125 0.5530077125 0.36718397187499996 0.5530077125 0.3743377390625 0.5530077125 0.390296140625 0.5530077125 0.4037782390625 0.5491369046875 0.41313316406249995 0.5507958109375 0.4299170015625 0.5519017828125
2 0.42496441406249996 0.428864675 0.3999262 0.42582332031250003 0.38479324375 0.42416437343749996 0.3787400359375 0.43384143281250004 0.380603425 0.4475848 0.3952487578125 0.4637021484375 0.420562075 0.48609768437499995 0.43459449375 0.4888625203125 0.45468005937499995 0.490521509375 0.4777922484375 0.476973559375 0.4887980625 0.4617667859375 0.48907317656249993 0.4440715296875 0.47118875156250006 0.43771228281249996 0.45082801093749997 0.428864675 0.42496441406249996 0.428864675
5 0.30857808124999997 0.39153884375 0.3052763375 0.3987274625 0.33471686875 0.4191875734375 0.37241172499999997 0.42582332031250003 0.38231693906249997 0.41946411250000004 0.36883483125 0.4164227171875 0.337743440625 0.4042572984375 0.322060178125 0.39679205781250004 0.30857808124999997 0.39153884375
0 0.439039634375 0.199491184375 0.4291344296875 0.21165668593750003 0.41014943437499995 0.21801593437500003 0.39501644687500004 0.22271619375 0.3862118109375 0.23377570312499998 0.387312390625 0.24124090156250003 0.392264996875 0.2434528453125 0.3908892828125 0.2514709171875 0.39116441874999996 0.2608715203125 0.394741321875 0.2755253796875 0.39336557656250004 0.28299053750000003 0.37905803437499996 0.284925940625 0.36530077968749997 0.286308390625 0.352368971875 0.2915616875 0.341638321875 0.3045565796875 0.333383965625 0.3192104390625 0.3311828171875 0.339947028125 0.333659115625 0.358195259375 0.33778629375 0.3675958203125 0.3482418 0.381420228125 0.3611736171875 0.38612055 0.37493085000000004 0.3955211125 0.39171471874999997 0.39883896406249997 0.4064156578125 0.3935856875 0.42099832968750006 0.38031425625000004 0.438332471875 0.3523890265625 0.4655718234375 0.33303486718749997 0.49776379375 0.3288875609375 0.50959503125 0.3338642984375 0.5134470609374999 0.34105297968750004 0.5382100984375 0.34105297968750004 0.5541684796874999 0.333587821875 0.5675138890625 0.3218058453125 0.5651922265625 0.2376465515625 0.5407043234375 0.2376465515625 0.5170418859375 0.229628396875 0.5009472796875001 0.22243969687499998 0.47893567031249995 0.207232840625 0.47233219374999996 0.19700286718749999 0.46490329218750004 0.19700286718749999 0.45087087343750004 0.199491184375 0.439039634375 0.199491184375
4 0.3218272765625 0.3644252515625 0.322386321875 0.34326488125 0.3218360515625 0.323357765625 0.3300903984375 0.29405004687499997 0.3218360515625 0.3120218 0.314407140625 0.33773512656250004 0.3218272765625 0.3644252515625
1 0.1006922296875 0.3452000671875 0.12691413437500002 0.371949234375 0.1430446015625 0.387357465625 0.1535334015625 0.23181566406249998 0.13446287968749998 0.21065595468749998 0.1177762421875 0.19867870468749999 0.09791111875 0.2038689078125 0.0895678140625 0.21903996406249998 0.0824163703125 0.2358081 0.080032546875 0.2649526828125 0.0939381015625 0.29888815156250004 0.1006922296875 0.3452000671875