1 0.24545693750000003 0.4416771703125 0.2526812578125 0.4171491875 0.270954515625 0.4074226 0.291777528125 0.388815228125 0.29347730156249996 0.35921254375 0.28752790625 0.3422967296875 0.2803035859375 0.3236893421875 0.257355825 0.31353984218750003 0.23015840937499998 0.30719643125 0.20381088125 0.31650011718750004 0.19276200625 0.32580381875 0.18213801406250002 0.352023334375 0.1800132015625 0.3706307203125 0.168539290625 0.379511503125 0.1532407609375 0.380357309375 0.1443166359375 0.3740138984375 0.13709228281250002 0.3778199703125 0.126043378125 0.3947357609375 0.1209438375 0.41486916249999994 0.11541938437499999 0.4381284 0.11541938437499999 0.453352634375 0.114569465625 0.4660394890625 0.125618371875 0.47365161718750004 0.1447415796875 0.496487971875 0.1549406296875 0.5248219468750001 0.15973522499999998 0.557132840625 0.23398299374999998 0.56220230625 0.24673183125000003 0.5457093796875 0.255655925 0.5364056859375 0.2586306859375 0.516952540625 0.2586306859375 0.5046885640625 0.2480066609375 0.49876803281250004 0.2369577546875 0.48481247656250004 0.2369577546875 0.46366770312499994 0.24545693750000003 0.4416771703125
2 0.37974405 0.4214222953125 0.364445521875 0.39266541718750003 0.34217230625 0.3740371703125 0.3270491203125 0.369829078125 0.32109972343750004 0.374903828125 0.322374521875 0.401969134375 0.3257741953125 0.45271656875 0.32959890625 0.4730155515625 0.34787213281249996 0.47259265624999997 0.364870496875 0.46455764843749997 0.375919465625 0.44595026249999997 0.37974405 0.4214222953125
4 0.21231012656249998 0.2992065953125 0.1978615171875 0.305127128125 0.23525788749999998 0.2992065953125 0.250981421875 0.304281321875 0.2727218265625 0.3080195765625 0.25608093125 0.29751501406249997 0.223359 0.293286046875 0.21231012656249998 0.2992065953125
5 0.3181249625 0.3668698203125 0.32619923281249996 0.359680634375 0.3151502640625 0.34191899062500003 0.309001928125 0.2971885640625 0.302826434375 0.3178139828125 0.313450428125 0.349531134375 0.3181249625 0.3668698203125
1 0.1417668171875 0.062217473437500004 0.1387921515625 0.0837851421875 0.14885119375 0.0981042578125 0.3385229359375 0.131149415625 0.32874889375 0.1116962234375 0.30920086874999997 0.0867454078125 0.2794536359375 0.069829578125 0.25650590625 0.062217473437500004 0.220809309375 0.05037640156249999 0.1846877671875 0.043610078125 0.15281581875 0.051222190625 0.1417668171875 0.062217473437500004
3 0.42722377187499994 0.3609040265625 0.402339815625 0.362279740625 0.37639210625 0.3581204796875 0.3874094984375 0.4827932515625 0.3976395546875 0.46738511875000005 0.4208644828125 0.45280243125 0.43607137968750004 0.436293759375 0.44077163906249994 0.417308734375 0.4413246359375 0.39667286874999996 0.4413246359375 0.3765872734375 0.43745378593749995 0.363105175 0.42722377187499994 0.3609040265625
3 0.4480982171875 0.4299170015625 0.4555633765625 0.44807658281249996 0.468005375 0.4588072421875 0.487359515625 0.47641653437500003 0.5122873296875 0.36248284218750004 0.49676011875 0.36278164375 0.4776824546875 0.36223134375 0.4624756203125 0.36003019531249997 0.4469922875 0.3608556203125 0.4469922875 0.36718397187499996 0.4469922875 0.3743377390625 0.4469922875 0.390296140625 0.4508630953125 0.4037782390625 0.4492041890625 0.41313316406249995 0.4480982171875 0.4299170015625
2 0.571135325 0.42496441406249996 0.5741766796875 0.3999262 0.5758356265625 0.38479324375 0.5661585671875 0.3787400359375 0.5524152 0.380603425 0.5362978515625 0.3952487578125 0.513902315625 0.420562075 0.5111374796875 0.43459449375 0.5094784906250001 0.45468005937499995 0.523026440625 0.4777922484375 0.5382332140625 0.4887980625 0.5559284703125 0.48907317656249993 0.5622877171875 0.47118875156250006 0.571135325 0.45082801093749997 0.571135325 0.42496441406249996
5 0.60846115625 0.30857808124999997 0.6012725375 0.3052763375 0.5808124265625 0.33471686875 0.5741766796875 0.37241172499999997 0.5805358875 0.38231693906249997 0.5835772828125 0.36883483125 0.5957427015625 0.337743440625 0.6032079421875001 0.322060178125 0.60846115625 0.30857808124999997
0 0.800508815625 0.439039634375 0.7883433140625 0.4291344296875 0.781984065625 0.41014943437499995 0.77728380625 0.39501644687500004 0.766224296875 0.3862118109375 0.7587590984375 0.387312390625 0.7565471546875 0.392264996875 0.7485290828125 0.3908892828125 0.7391284796875001 0.39116441874999996 0.7244746203125 0.394741321875 0.7170094625 0.39336557656250004 0.715074059375 0.37905803437499996 0.713691609375 0.36530077968749997 0.7084383125 0.352368971875 0.6954434203125001 0.341638321875 0.6807895609375 0.333383965625 0.660052971875 0.3311828171875 0.641804740625 0.333659115625 0.6324041796875 0.33778629375 0.618579771875 0.3482418 0.61387945 0.3611736171875 0.6044788875 0.37493085000000004 0.6011610359375 0.39171471874999997 0.6064143125 0.4064156578125 0.6196857437500001 0.42099832968750006 0.6476109734375 0.438332471875 0.6669651328125 0.4655718234375 0.6711124390625 0.49776379375 0.6661357015625 0.50959503125 0.6589470203125 0.5134470609374999 0.6589470203125 0.5382100984375 0.6664121781250001 0.5541684796874999 0.6781941546875 0.5675138890625 0.7623534484375 0.5651922265625 0.7623534484375 0.5407043234375 0.770371603125 0.5170418859375 0.777560303125 0.5009472796875001 0.7927671593750001 0.47893567031249995 0.8029971328125001 0.47233219374999996 0.8029971328125001 0.46490329218750004 0.800508815625 0.45087087343750004 0.800508815625 0.439039634375
4 0.6355747484375 0.3218272765625 0.65673511875 0.322386321875 0.676642234375 0.3218360515625 0.705949953125 0.3300903984375 0.6879782 0.3218360515625 0.6622648734375 0.314407140625 0.6355747484375 0.3218272765625
1 0.6547999328125 0.1006922296875 0.6280507656250001 0.12691413437500002 0.612642534375 0.1430446015625 0.7681843359375 0.1535334015625 0.7893440453125 0.13446287968749998 0.8013212953125001 0.1177762421875 0.7961310921875 0.09791111875 0.7809600359375 0.0895678140625 0.7641918999999999 0.0824163703125 0.7350473171874999 0.080032546875 0.7011118484375001 0.0939381015625 0.6547999328125 0.1006922296875