0 0.67787084375 0.6818001125 0.6656481265624999 0.6689553234375001 0.6656481265624999 0.652710490625 0.6554625265625 0.634576653125 0.6493511609375 0.62513201875 0.6334616796875 0.6187096796875 0.6094237015624999 0.6179540765625 0.589459925 0.630421065625 0.5853856921875 0.6387323546875 0.5703110265625 0.64553255 0.5568660484375 0.6568661359375 0.55401406875 0.670844271875 0.55482893125 0.69200035 0.5613477062500001 0.71013413125 0.577644640625 0.7297790890625 0.5967935546875001 0.733934790625 0.6159424453125 0.7396015828125 0.631017125 0.7516907421875 0.631017125 0.7739802515624999 0.623276065625 0.7766246906250001 0.621646371875 0.787580559375 0.626942890625 0.8083588640625001 0.626942890625 0.8147812312499999 0.630202278125 0.8208258531249999 0.6464992281249999 0.8238481500000001 0.6884638359374999 0.8366928828125 0.714946384375 0.8434930515625 0.7361324 0.835937365625 0.7540590296875 0.8185591015625 0.7878752140625 0.8060921140625 0.8050721796874999 0.803166075 0.8404328140624999 0.7165565828125 0.8062092203125 0.7108897625 0.796431090625 0.7003117234375 0.779726746875 0.6916226062499999 0.7569110078125 0.690867059375 0.742651175 0.7086229828125 0.7157612171875 0.694644903125 0.6949826406249999 0.6935115546875 0.67787084375 0.6818001125
4 0.5336429015624999 0.6663108265625 0.5336429015624999 0.6988005187499999 0.54790271875 0.7165565828125 0.54790271875 0.705978515625 0.5430136390625 0.695022646875 0.5438284859375 0.6647997343750001 0.569496165625 0.6270209109375 0.5641996609375 0.626265365625 0.5476815640625 0.641901684375 0.5336429015624999 0.6663108265625
5 0.5750106828125 0.6101095609375 0.624985625 0.5998026046875 0.6445419609374999 0.5839355171875 0.628244996875 0.5797798734375 0.601355046875 0.5990470015625 0.5750106828125 0.6101095609375
2 0.6860991453125 0.516689384375 0.660024034375 0.5352009375 0.6351712093749999 0.55597924375 0.6392454578125 0.5741130531249999 0.659209203125 0.58544669375 0.6665428234374999 0.5839355171875 0.6970995921875 0.582424396875 0.7068777374999999 0.578268696875 0.7227672640625 0.5707130109375 0.7358048125 0.5661795656249999 0.7366196890625 0.55786819375 0.738249353125 0.5359565125 0.72806376875 0.5114003359375 0.7203227234375 0.50460016875 0.70361838125 0.5030890765625 0.6860991453125 0.516689384375
3 0.666950246875 0.43962081406250003 0.656764678125 0.442265253125 0.6624686046875 0.45208780312499997 0.66450570625 0.4732438796875 0.6620611515625 0.4925110375 0.65948250625 0.5045965734375 0.7533240328125 0.48759979062500003 0.7463978499999999 0.47777727031249995 0.74110133125 0.45775453906249997 0.740286484375 0.43508736875 0.727656375 0.43282061718750003 0.71624850625 0.432065071875 0.6970995921875 0.4324428171875 0.6828397734375 0.43735406250000003 0.666950246875 0.43962081406250003
3 0.7431384640625 0.4256427328125 0.7415087390624999 0.40486434375 0.750064675 0.3882417671875 0.755768603125 0.3708635328125 0.6733955125 0.3691344859375 0.6738764453125 0.38673056250000004 0.6657279625 0.4086421859375 0.6620611515625 0.4233759265625 0.6722467515624999 0.432065071875 0.6852842828125 0.42790937187500006 0.7032109265625001 0.4267759671875 0.7186930312500001 0.4267759671875 0.7268415125 0.4275316828125 0.7394716375 0.426020421875 0.7431384640625 0.4256427328125
2 0.68121005 0.262438590625 0.67469130625 0.277927875 0.68976595625 0.3259068234375 0.685320946875 0.3221374359375 0.6909882406250001 0.3342181125 0.6946550515625 0.34441835 0.713803965625 0.34819625 0.7260266515625 0.35159634687499997 0.7427310546875 0.3463073 0.74965720625 0.321373321875 0.74965720625 0.2862391640625 0.7296934921875 0.277927875 0.717470775 0.26999433125 0.68121005 0.262438590625
5 0.6087516078124999 0.2469762609375 0.6253583593750001 0.24939174999999997 0.6419650875 0.25814793125 0.6510825203125 0.2632808125 0.6624792703125 0.2548266 0.6686661015625 0.2457685609375 0.6553156078125 0.24456077187499997 0.640336978125 0.24878792187499998 0.593772990625 0.2430510796875 0.6087516078124999 0.2469762609375
0 0.6701123359375 0.028676310937499998 0.6499237640625 0.03652671875 0.6518774734375 0.052831246875 0.654482475 0.07849582968749999 0.654482475 0.0944984109375 0.643411309375 0.1080855484375 0.62126899375 0.1080855484375 0.5981498109375 0.11412427031250001 0.5815430765625 0.1310327390625 0.5711231703124999 0.147035365625 0.5649363484375 0.1606224578125 0.5672157046875 0.1877967328125 0.5808918328125 0.1953452375 0.600429165625 0.228860115625 0.621594628125 0.23006783749999998 0.6495981296875 0.22946396406249997 0.6641715796875001 0.222519421875 0.6745914875000001 0.1905142140625 0.6902213546875 0.172398046875 0.7244117015625 0.164547684375 0.7540433265625001 0.16032055625 0.7713013109375 0.16484958593750001 0.777813728125 0.1817580109375 0.8041891328125 0.189608371875 0.8328439265625001 0.1624341875 0.83842220625 0.144122571875 0.8558267609374999 0.070051503125 0.8245670374999999 0.0631069828125 0.7968891453125 0.052841221875 0.782452015625 0.047104401562499995 0.7674733734375 0.0286862859375 0.7518435125 0.0211378703125 0.726770596875 0.0196281796875 0.7046282921875 0.0238553078125 0.6701123359375 0.028676310937499998
4 0.5477829812499999 0.1858364296875 0.5596380937500001 0.20304197968749998 0.557226021875 0.18281706874999998 0.554295434375 0.1695319234375 0.5546210578124999 0.1562466890625 0.5565748015625 0.14839635 0.5621103656249999 0.13028015937499998 0.557226021875 0.13028015937499998 0.5468061265624999 0.147188628125 0.5468061265624999 0.1659086453125 0.5477829812499999 0.1858364296875
1 0.26387928125000004 0.301437490625 0.301000190625 0.30294719375 0.32411937343749997 0.3041549265625 0.35630837187500003 0.034385175000000004 0.3250962515625 0.0429800453125 0.29090591718750003 0.061700064062500004 0.2700661015625 0.09189374375 0.25052874375 0.133560909375 0.2378294875 0.1589235671875 0.22447896875 0.190928796875 0.229037678125 0.2250476359375 0.23652698593750002 0.266412875 0.2570411921875 0.2914735859375 0.26387928125000004 0.301437490625
1 0.2451219609375 0.6991183453125001 0.25000628125 0.720555821875 0.258146834375 0.7540707671875 0.2659617828125 0.7688656484374999 0.289732209375 0.7954360281249999 0.3161076125 0.8096270375 0.34801859375 0.8183831859374999 0.37060499375 0.813594346875 0.2786610578125 0.5478482625 0.2578212234375 0.5587180078125 0.2438194609375 0.5732109421875 0.23274830781250003 0.5964600359375 0.2314458203125 0.6133685046874999 0.22884084062499999 0.6245400859375 0.22591024375000002 0.6423543734375 0.23372518125 0.679492484375 0.2451219609375 0.6991183453125001