0 0.2996882765625 0.796431090625 0.30837739375 0.779726746875 0.30913294062499996 0.7569110078125 0.2913770171875 0.742651175 0.305355096875 0.7157612171875 0.30648844531249997 0.6949826406249999 0.3181998875 0.67787084375 0.33104467656250003 0.6656481265624999 0.347289509375 0.6656481265624999 0.365423346875 0.6554625265625 0.37486798125 0.6493511609375 0.3812903203125 0.6334616796875 0.3820459234375 0.6094237015624999 0.369578934375 0.589459925 0.3612676453125 0.5853856921875 0.35446745 0.5703110265625 0.3431338640625 0.5568660484375 0.329155728125 0.55401406875 0.30799965 0.55482893125 0.28986586875000003 0.5613477062500001 0.2702209109375 0.577644640625 0.266065209375 0.5967935546875001 0.2603984171875 0.6159424453125 0.2483092578125 0.631017125 0.2260197484375 0.631017125 0.223375309375 0.623276065625 0.212419440625 0.621646371875 0.1916411359375 0.626942890625 0.18521876875 0.626942890625 0.179174146875 0.630202278125 0.17615185 0.6464992281249999 0.1633071171875 0.6884638359374999 0.1565069484375 0.714946384375 0.164062634375 0.7361324 0.1814408984375 0.7540590296875 0.1939078859375 0.7878752140625 0.19683392500000002 0.8050721796874999 0.2834434171875 0.8404328140624999 0.2891102375 0.8062092203125 0.2996882765625 0.796431090625
4 0.29402148437500003 0.54790271875 0.304977353125 0.5430136390625 0.335200265625 0.5438284859375 0.3729790890625 0.569496165625 0.373734634375 0.5641996609375 0.358098315625 0.5476815640625 0.3336891734375 0.5336429015624999 0.30119948124999996 0.5336429015624999 0.2834434171875 0.54790271875 0.29402148437500003 0.54790271875
5 0.4009529984375 0.601355046875 0.3898904390625 0.5750106828125 0.4001973953125 0.624985625 0.4160644828125 0.6445419609374999 0.42022012656249996 0.628244996875 0.4009529984375 0.601355046875
2 0.433820434375 0.7358048125 0.44213180625000004 0.7366196890625 0.4640434875 0.738249353125 0.4885996640625 0.72806376875 0.49539983125 0.7203227234375 0.4969109234375 0.70361838125 0.48331061562500005 0.6860991453125 0.4647990625 0.660024034375 0.44402075625000004 0.6351712093749999 0.42588694687500006 0.6392454578125 0.41455330625000003 0.659209203125 0.4160644828125 0.6665428234374999 0.41757560312499997 0.6970995921875 0.42173130312499996 0.7068777374999999 0.4292869890625 0.7227672640625 0.433820434375 0.7358048125
3 0.5422454609375 0.74110133125 0.56491263125 0.740286484375 0.5671793828125 0.727656375 0.567934928125 0.71624850625 0.5675571828125 0.6970995921875 0.5626459374999999 0.6828397734375 0.5603791859375 0.666950246875 0.557734746875 0.656764678125 0.547912196875 0.6624686046875 0.5267561203125 0.66450570625 0.5074889625 0.6620611515625 0.4954034265625 0.65948250625 0.512400209375 0.7533240328125 0.5222227296875 0.7463978499999999 0.5422454609375 0.74110133125
3 0.567934928125 0.6722467515624999 0.572090628125 0.6852842828125 0.5732240328125 0.7032109265625001 0.5732240328125 0.7186930312500001 0.5724683171875 0.7268415125 0.573979578125 0.7394716375 0.5743572671875 0.7431384640625 0.59513565625 0.7415087390624999 0.6117582328125 0.750064675 0.6291364671874999 0.755768603125 0.6308655140625 0.6733955125 0.6132694375 0.6738764453125 0.5913578140625 0.6657279625 0.5766240734375 0.6620611515625 0.567934928125 0.6722467515624999
2 0.648403653125 0.7260266515625 0.6536927 0.7427310546875 0.678626678125 0.74965720625 0.7137608359375001 0.74965720625 0.7220721250000001 0.7296934921875 0.73000566875 0.717470775 0.737561409375 0.68121005 0.7220721250000001 0.67469130625 0.6740931765625 0.68976595625 0.6778625640625 0.685320946875 0.6657818875 0.6909882406250001 0.65558165 0.6946550515625 0.65180375 0.713803965625 0.648403653125 0.7260266515625
5 0.7367191875 0.6510825203125 0.7451734 0.6624792703125 0.7542314390625 0.6686661015625 0.755439228125 0.6553156078125 0.751212078125 0.640336978125 0.7569489203125 0.593772990625 0.7530237390625001 0.6087516078124999 0.75060825 0.6253583593750001 0.74185206875 0.6419650875 0.7367191875 0.6510825203125
0 0.9471587781249999 0.7968891453125 0.9528955984374999 0.782452015625 0.9713137140624999 0.7674733734375 0.9788621296875 0.7518435125 0.9803718203124999 0.726770596875 0.9761446921875001 0.7046282921875 0.9713236890625 0.6701123359375 0.96347328125 0.6499237640625 0.9471687531249999 0.6518774734375 0.9215041703125 0.654482475 0.9055015890625 0.654482475 0.8919144515624999 0.643411309375 0.8919144515624999 0.62126899375 0.8858757296875 0.5981498109375 0.8689672609375 0.5815430765625 0.852964634375 0.5711231703124999 0.8393775421875 0.5649363484375 0.8122032671875001 0.5672157046875 0.8046547625 0.5808918328125 0.7711398843749999 0.600429165625 0.7699321625 0.621594628125 0.7705360359375 0.6495981296875 0.777480578125 0.6641715796875001 0.8094857859375001 0.6745914875000001 0.8276019531250001 0.6902213546875 0.835452315625 0.7244117015625 0.83967944375 0.7540433265625001 0.8351504140625 0.7713013109375 0.8182419890625001 0.777813728125 0.8103916281249999 0.8041891328125 0.8375658125 0.8328439265625001 0.8558774281250001 0.83842220625 0.929948496875 0.8558267609374999 0.9368930171875001 0.8245670374999999 0.9471587781249999 0.7968891453125
4 0.8437533109375 0.5546210578124999 0.85160365 0.5565748015625 0.869719840625 0.5621103656249999 0.869719840625 0.557226021875 0.8528113718749999 0.5468061265624999 0.8340913546875001 0.5468061265624999 0.8141635703125001 0.5477829812499999 0.7969580203125 0.5596380937500001 0.81718293125 0.557226021875 0.8304680765624999 0.554295434375 0.8437533109375 0.5546210578124999
1 0.866439090625 0.25052874375 0.8410764328125 0.2378294875 0.809071203125 0.22447896875 0.7749523640625 0.229037678125 0.733587125 0.23652698593750002 0.7085264140625 0.2570411921875 0.6985625093750001 0.26387928125000004 0.69705280625 0.301000190625 0.6958450734375 0.32411937343749997 0.965614825 0.35630837187500003 0.9570199546874999 0.3250962515625 0.9382999359375 0.29090591718750003 0.90810625625 0.2700661015625 0.866439090625 0.25052874375
1 0.4267890578125 0.2438194609375 0.40353996406250003 0.23274830781250003 0.38663149531249996 0.2314458203125 0.3754599140625 0.22884084062499999 0.3576456265625 0.22591024375000002 0.320507515625 0.23372518125 0.3008816546875 0.2451219609375 0.279444178125 0.25000628125 0.2459292328125 0.258146834375 0.2311343515625 0.2659617828125 0.204563971875 0.289732209375 0.1903729625 0.3161076125 0.18161681406250002 0.34801859375 0.186405653125 0.37060499375 0.45215173750000004 0.2786610578125 0.4412819921875 0.2578212234375 0.4267890578125 0.2438194609375