0 0.2959778875 0.68997715 0.2975718 0.67728795 0.294383975 0.6661848796875 0.28545812187499997 0.6569852515625 0.2809951828125 0.6442960640625001 0.28545812187499997 0.6129444296875 0.305860109375 0.5891521843749999 0.32944989687500004 0.5770974515625 0.33741943281250003 0.560601521875 0.3396508625 0.5342714453124999 0.3310437828125 0.5171410609375 0.3237118421875 0.50794139375 0.3068164515625 0.49207990625000003 0.2899210625 0.48827315000000004 0.272748228125 0.49009457031250003 0.26063455 0.4916807203125 0.2497960125 0.50341821875 0.2389574203125 0.5170590984375 0.235132078125 0.527844915625 0.23321936718749997 0.543706396875 0.232581796875 0.5608368078125 0.21696157343750003 0.563374634375 0.2054854390625 0.5576645078125 0.19241544531250002 0.5557611234375 0.182533196875 0.5551266625 0.1726510015625 0.5560783578125 0.16404389375 0.558298975 0.1605373234375 0.5671813953125 0.1496987859375 0.5966837734375 0.1493799859375 0.6169864578124999 0.1493799859375 0.6312618156250001 0.168506859375 0.6461716140625 0.1838083375 0.673136146875 0.19305298906249999 0.697562834375 0.1982664953125 0.71482599375 0.2054440578125 0.7326514828125 0.20895068125 0.748512984375 0.2162826484375 0.7815048953125 0.2778073828125 0.7662778234375 0.276851040625 0.7456579171875 0.2739819609375 0.7304308984375 0.2739819609375 0.7148866171875 0.278763671875 0.7102798359375 0.2959778875 0.68997715
4 0.2663312484375 0.480137371875 0.252623684375 0.4820407484375 0.25995565 0.4855302703125 0.280038840625 0.48140629375 0.297890571875 0.48489580156249995 0.31096059375 0.4855302703125 0.316654075 0.48239849375 0.29087735000000003 0.47759953906249997 0.2663312484375 0.480137371875
5 0.3533584015625 0.5321630453124999 0.3559086828125 0.55468636875 0.35941530625 0.5721339999999999 0.3651532546875 0.555955278125 0.3590965078125 0.5274046015625 0.3527209109375 0.5109086328125 0.3372113171875 0.4815279796875 0.3447513734375 0.49948838125000006 0.3533584015625 0.5321630453124999
2 0.4081887125 0.5879716312500001 0.38874306718749996 0.579089184375 0.3603928875 0.575543596875 0.36355936875 0.5933645296875001 0.36419701875 0.6127155390625 0.3737604421875 0.626990896875 0.380136040625 0.6361905640625001 0.398944140625 0.6415834625 0.41488316249999996 0.6396800703125 0.4231714984375 0.6323837812499999 0.4244465328125 0.61652230625 0.41520196093750006 0.5949506859375 0.4081887125 0.5879716312500001
3 0.4894618125 0.584281453125 0.47926087187500005 0.5845986875 0.45457593437500005 0.5812019453125 0.455671059375 0.5845986875 0.45471469062500003 0.584281453125 0.45375834687500005 0.577936853125 0.456946146875 0.6543892140625001 0.4722476765625 0.65026525 0.49360600625 0.63916219375 0.49041818125000003 0.621397340625 0.4926496109375 0.5985568046874999 0.4894618125 0.584281453125
3 0.5038069203125 0.5865020703125 0.5044445453125 0.6042669171874999 0.5060384578125 0.62901085 0.5117765109375 0.6420172859375 0.5283531296875 0.647410171875 0.5442921234375 0.6547064609375 0.5508013203125001 0.5759788546875 0.527078015625 0.5836470046875 0.5038069203125 0.5865020703125
2 0.6195244234375 0.5776196390624999 0.5967270734375 0.582072459375 0.577126615625 0.59665340625 0.5634190234374999 0.6112459859375 0.5656505078125 0.6321831515625 0.5812707828125 0.64550679375 0.6042229453125 0.647410171875 0.621755959375 0.6442378843750001 0.6262188203125 0.6302797609375 0.6287691015625 0.61156321875 0.6306817859375 0.5852331421875 0.6195244234375 0.5776196390624999
5 0.639607665625 0.57987204375 0.6443893765625 0.5709896109375 0.6418391484375 0.5326048125 0.6474640953125 0.5089492015625 0.6281315046875 0.5541764328125 0.6255813296875 0.5697206875 0.639607665625 0.57987204375
0 0.8352013625 0.561538828125 0.8246815968749999 0.5529736421875 0.8068298374999999 0.550118575 0.7966288171875 0.5507530171874999 0.78260248125 0.56344223125 0.7720827156250001 0.5637594515625 0.7599690375 0.553608109375 0.758056353125 0.53901551875 0.758056353125 0.51998175625 0.7504055328125 0.5076097890625 0.729047284375 0.488893221875 0.705138671875 0.488893221875 0.684417965625 0.4917482875 0.666247434375 0.5050719578125 0.6506271328125 0.5317766796875001 0.6519022734375 0.5571550625 0.6643347234375 0.5723820828124999 0.6732606296875 0.5863401984375 0.703863584375 0.5961743078125 0.7118330687500001 0.6145736546875 0.7159772624999999 0.6298006609375 0.7159772624999999 0.6475655265625 0.708007753125 0.659620259375 0.704501128125 0.6799229703125 0.71215189375 0.696736146875 0.724265571875 0.709425321875 0.7205079109375 0.73658886875 0.79057201875 0.7397661890625 0.7969476171875 0.7083604078125 0.8071485828125 0.672830703125 0.8250003421875001 0.65030739375 0.8466773640625 0.6313293671875 0.845721128125 0.6119783703125 0.8428521015625 0.5945307 0.8383891359375 0.575814184375 0.8352013625 0.561538828125
4 0.7341477937499999 0.4809276765625 0.71533971875 0.47743814375 0.692706275 0.47902428593749996 0.6767691 0.48413952499999996 0.6898371953125 0.48378274374999997 0.71661480625 0.4860033421875 0.7341477937499999 0.4809276765625
1 0.8456009140624999 0.32483528281249996 0.8463586187500001 0.3004795859375 0.834563765625 0.2611431125 0.8198997796875 0.23988871875 0.7806897968750001 0.2249789234375 0.7411609625 0.2211721609375 0.681867684375 0.2119725046875 0.65572766875 0.2214893984375 0.622255634375 0.2452816234375 0.6024912437500001 0.27541845 0.8456009140624999 0.32483528281249996
1 0.1829659625 0.23725289218749998 0.1604216390625 0.2532776 0.1433276546875 0.27275376093750003 0.1356477265625 0.2946952828125 0.13538671875 0.315360540625 0.3923057 0.2719584453125 0.3799187125 0.2485377578125 0.35539253125000003 0.22782890625 0.3358211203125 0.21624180937499998 0.31402005625 0.2113111390625 0.2889983703125 0.2137764796875 0.2508465390625 0.217721021875 0.21789719062500001 0.2246239640625 0.1829659625 0.23725289218749998