0 0.68997715 0.7040221125 0.67728795 0.7024282000000001 0.6661848796875 0.705616025 0.6569852515625 0.714541878125 0.6442960640625001 0.7190048171875 0.6129444296875 0.714541878125 0.5891521843749999 0.694139890625 0.5770974515625 0.670550103125 0.560601521875 0.6625805671875 0.5342714453124999 0.6603491375 0.5171410609375 0.6689562171875 0.50794139375 0.6762881578125 0.49207990625000003 0.6931835484375 0.48827315000000004 0.7100789375 0.49009457031250003 0.727251771875 0.4916807203125 0.73936545 0.50341821875 0.7502039875000001 0.5170590984375 0.7610425796875 0.527844915625 0.764867921875 0.543706396875 0.7667806328125 0.5608368078125 0.767418203125 0.563374634375 0.7830384265625 0.5576645078125 0.7945145609375001 0.5557611234375 0.8075845546875 0.5551266625 0.8174668031250001 0.5560783578125 0.8273489984375001 0.558298975 0.8359561062499999 0.5671813953125 0.8394626765625001 0.5966837734375 0.8503012140624999 0.6169864578124999 0.8506200140625 0.6312618156250001 0.8506200140625 0.6461716140625 0.831493140625 0.673136146875 0.8161916625 0.697562834375 0.8069470109375001 0.71482599375 0.8017335046875 0.7326514828125 0.7945559421875 0.748512984375 0.7910493187500001 0.7815048953125 0.7837173515625 0.7662778234375 0.7221926171875 0.7456579171875 0.723148959375 0.7304308984375 0.7260180390625 0.7148866171875 0.7260180390625 0.7102798359375 0.721236328125 0.68997715 0.7040221125
4 0.480137371875 0.7336687515625 0.4820407484375 0.7473763156250001 0.4855302703125 0.74004435 0.48140629375 0.719961159375 0.48489580156249995 0.702109428125 0.4855302703125 0.68903940625 0.48239849375 0.683345925 0.47759953906249997 0.7091226500000001 0.480137371875 0.7336687515625
5 0.5321630453124999 0.6466415984375 0.55468636875 0.6440913171875 0.5721339999999999 0.6405846937499999 0.555955278125 0.6348467453125 0.5274046015625 0.6409034921875 0.5109086328125 0.6472790890625 0.4815279796875 0.6627886828125 0.49948838125000006 0.6552486265625 0.5321630453124999 0.6466415984375
2 0.5879716312500001 0.5918112875 0.579089184375 0.6112569328124999 0.575543596875 0.6396071125 0.5933645296875001 0.6364406312499999 0.6127155390625 0.63580298125 0.626990896875 0.6262395578125 0.6361905640625001 0.619863959375 0.6415834625 0.601055859375 0.6396800703125 0.5851168375 0.6323837812499999 0.5768285015625 0.61652230625 0.5755534671875 0.5949506859375 0.5847980390624999 0.5879716312500001 0.5918112875
3 0.584281453125 0.5105381875 0.5845986875 0.520739128125 0.5812019453125 0.545424065625 0.5845986875 0.544328940625 0.584281453125 0.545285309375 0.577936853125 0.546241653125 0.6543892140625001 0.543053853125 0.65026525 0.5277523234375 0.63916219375 0.5063939937499999 0.621397340625 0.50958181875 0.5985568046874999 0.5073503890625 0.584281453125 0.5105381875
3 0.5865020703125 0.49619307968750004 0.6042669171874999 0.49555545468749995 0.62901085 0.4939615421875 0.6420172859375 0.4882234890625 0.647410171875 0.47164687031249997 0.6547064609375 0.45570787656249995 0.5759788546875 0.44919867968749994 0.5836470046875 0.472921984375 0.5865020703125 0.49619307968750004
2 0.5776196390624999 0.3804755765625 0.582072459375 0.4032729265625 0.59665340625 0.422873384375 0.6112459859375 0.43658097656250006 0.6321831515625 0.4343494921875 0.64550679375 0.4187292171875 0.647410171875 0.3957770546875 0.6442378843750001 0.378244040625 0.6302797609375 0.3737811796875 0.61156321875 0.3712308984375 0.5852331421875 0.3693182140625 0.5776196390624999 0.3804755765625
5 0.57987204375 0.360392334375 0.5709896109375 0.3556106234375 0.5326048125 0.3581608515625 0.5089492015625 0.35253590468749996 0.5541764328125 0.3718684953125 0.5697206875 0.3744186703125 0.57987204375 0.360392334375
0 0.561538828125 0.16479863749999998 0.5529736421875 0.175318403125 0.550118575 0.19317016250000002 0.5507530171874999 0.2033711828125 0.56344223125 0.21739751875 0.5637594515625 0.227917284375 0.553608109375 0.24003096249999997 0.53901551875 0.24194364687499997 0.51998175625 0.24194364687499997 0.5076097890625 0.24959446718749997 0.488893221875 0.270952715625 0.488893221875 0.294861328125 0.4917482875 0.315582034375 0.5050719578125 0.333752565625 0.5317766796875001 0.3493728671875 0.5571550625 0.3480977265625 0.5723820828124999 0.3356652765625 0.5863401984375 0.3267393703125 0.5961743078125 0.29613641562500004 0.6145736546875 0.28816693125000004 0.6298006609375 0.2840227375 0.6475655265625 0.2840227375 0.659620259375 0.29199224687499997 0.6799229703125 0.295498871875 0.696736146875 0.28784810625 0.709425321875 0.275734428125 0.73658886875 0.2794920890625 0.7397661890625 0.20942798125 0.7083604078125 0.20305238281250002 0.672830703125 0.1928514171875 0.65030739375 0.1749996578125 0.6313293671875 0.1533226359375 0.6119783703125 0.154278871875 0.5945307 0.15714789843750002 0.575814184375 0.1616108640625 0.561538828125 0.16479863749999998
4 0.4809276765625 0.26585220625 0.47743814375 0.28466028125 0.47902428593749996 0.30729372499999996 0.48413952499999996 0.3232309 0.48378274374999997 0.3101628046875 0.4860033421875 0.28338519375 0.4809276765625 0.26585220625
1 0.32483528281249996 0.1543990859375 0.3004795859375 0.15364138125 0.2611431125 0.165436234375 0.23988871875 0.1801002203125 0.2249789234375 0.219310203125 0.2211721609375 0.2588390375 0.2119725046875 0.318132315625 0.2214893984375 0.34427233125 0.2452816234375 0.377744365625 0.27541845 0.39750875625000004 0.32483528281249996 0.1543990859375
1 0.23725289218749998 0.8170340375 0.2532776 0.8395783609375 0.27275376093750003 0.8566723453125 0.2946952828125 0.8643522734375001 0.315360540625 0.8646132812499999 0.2719584453125 0.6076943 0.2485377578125 0.6200812874999999 0.22782890625 0.6446074687500001 0.21624180937499998 0.6641788796875 0.2113111390625 0.68597994375 0.2137764796875 0.7110016296875 0.217721021875 0.7491534609375 0.2246239640625 0.782102809375 0.23725289218749998 0.8170340375