0 0.7748967734375001 0.210233971875 0.7748967734375001 0.23332814062499999 0.7671501953125001 0.25782194375 0.752804603125 0.2812660265625 0.7218181453125 0.2984116921875 0.7132108578125 0.3159072859375 0.70661186875 0.3379517125 0.7097679234375 0.3704934734375 0.7264087890625001 0.3956871171875 0.7447711453125 0.4173816375 0.773462209375 0.423330134375 0.8007188281250001 0.41983101562499997 0.8253932 0.3963869390625 0.8271146421875001 0.3820405578125 0.8397387671875001 0.3554472921875 0.8431816765625 0.33060356562500004 0.85609268125 0.3260547125 0.8873660171875001 0.32675452968749996 0.9008508765625001 0.3222056625 0.921221578125 0.30100615 0.9309765390625 0.2604164015625 0.935567121875 0.229974115625 0.932411103125 0.1900841640625 0.9189262578124999 0.17888701875 0.8994163359374999 0.15299353437500002 0.8822016406250001 0.1071551453125 0.8743054406249999 0.0727821796875 0.8672822171875 0.0316075703125 0.7766182640625 0.0568011921875 0.7651418484375 0.094941525 0.7485009109375 0.11418668750000001 0.7424758234375 0.140430028125 0.7450579765625001 0.1598467296875 0.7573951734375 0.1787419453125 0.769158540625 0.1906389234375 0.7748967734375001 0.210233971875
0 0.73444229375 0.4304181609375 0.7639941390625 0.44266505624999997 0.780348125 0.443014971875 0.8038748109375 0.43706648281250005 0.7955544265625 0.4346170984375 0.7800611749999999 0.43706648281250005 0.7671501953125001 0.438116203125 0.7496485953125 0.429718328125 0.721171325 0.41701306406249994 0.73444229375 0.4304181609375
5 0.6962830656250001 0.32089582656250004 0.69284013125 0.297451771875 0.672182525 0.2936027078125 0.6759123390624999 0.30934875 0.6951897015624999 0.3944484171875 0.694561646875 0.36708417656250003 0.691692565625 0.339441140625 0.6962830656250001 0.32089582656250004
2 0.611070440625 0.25447401406250003 0.63144111875 0.2653212734375 0.64377826875 0.2803674546875 0.6658704625 0.28456640625 0.6750516531249999 0.2887653421875 0.6782622796875 0.2811450859375 0.6767731203125 0.2639216078125 0.6681657359375001 0.23312939843749997 0.660992940625 0.22368180624999998 0.64463905 0.2149340015625 0.6271374515625 0.207585875 0.6122181015625 0.21213472968749997 0.6021761765625 0.218083203125 0.5929949875 0.225081440625 0.5935688406249999 0.24117737031250003 0.611070440625 0.25447401406250003
3 0.556662121875 0.25610987343749997 0.5731548015625 0.2643416265625 0.5655563609375001 0.1892767546875 0.5480547859375 0.1892767546875 0.5403082078125 0.1952252296875 0.5276840593750001 0.20642240312500001 0.5253887859375 0.22286825000000002 0.5233803921875 0.2435130328125 0.5317008953125 0.24911160625 0.55006315625 0.2557599265625 0.556662121875 0.25610987343749997
3 0.4992798515625 0.251910921875 0.515059959375 0.247012165625 0.5159206921874999 0.2435130328125 0.5159206921874999 0.23651480937499997 0.514486153125 0.21167107500000001 0.5127647578125 0.1906764046875 0.497558384375 0.18577765 0.48378664687499995 0.1840280828125 0.47592054375000004 0.25858044062499996 0.4992798515625 0.251910921875
2 0.41751011250000003 0.2043229640625 0.40144305312500006 0.20677232031249998 0.387384484375 0.220418865625 0.37734260937499997 0.247012165625 0.37504723906250004 0.27255571875 0.3850891640625 0.27745448906250003 0.39482638593749997 0.27250330625 0.407181309375 0.26450773125000004 0.430421115625 0.24806188593749998 0.441323821875 0.2382643609375 0.4559562453125 0.2246178171875 0.4559562453125 0.21901924374999998 0.44849656875 0.21517019375 0.441323821875 0.21517019375 0.43501171093749996 0.20922172031250003 0.42583056875 0.2057226 0.41751011250000003 0.2043229640625
5 0.365503896875 0.2847521125 0.3580441984375 0.30084805625 0.3586180046875 0.33513941406250003 0.34758706875 0.37332406875 0.366077728125 0.3431873421875 0.369807565625 0.3085461125 0.365503896875 0.2847521125
4 0.3263293765625 0.412692175 0.2975058953125 0.4135195875 0.2725445984375 0.4124698453125 0.25360843437499997 0.4114201109375 0.24385348593749998 0.402672328125 0.2329508765625 0.411770028125 0.25188701562500004 0.41911817500000004 0.27340533125 0.42261728906249996 0.29463676875 0.42261728906249996 0.3263293765625 0.412692175
0 0.12052285 0.25852219375 0.1223555234375 0.28757873906250003 0.1362839828125 0.311271015625 0.150212440625 0.31708233125 0.16524057812499998 0.3206585359375 0.19053170156250002 0.318423421875 0.1938306140625 0.30724782031250003 0.2011614015625 0.30054244375 0.20739251250000001 0.30277755625 0.2110578921875 0.311271015625 0.21655597499999998 0.3483740171875 0.23048446406249998 0.372513325 0.2396479578125 0.39128833749999997 0.2741026375 0.405593103125 0.2909634171875 0.405593103125 0.30452540781250004 0.4015698890625 0.319553484375 0.3975466734375 0.3320158578125 0.37921868281250004 0.33641426406249997 0.35954963906250004 0.3441116421875 0.3447978421875 0.34521125937499997 0.3264698328125 0.336780853125 0.2947311078125 0.3276173296875 0.27288405625 0.294262328125 0.26215548437499997 0.278501134375 0.2322048515625 0.269337703125 0.193313765625 0.2854653328125 0.166492315625 0.29719465 0.14324708749999998 0.29059691875000004 0.109720278125 0.27483575625 0.09183929843750001 0.2642060859375 0.06457081875000001 0.2585535625 0.028277298437499997 0.1729378328125 0.01904848125 0.1707386609375 0.05793963125 0.1667066921875 0.10832212031249999 0.14728015 0.144084040625 0.1278536078125 0.1744816390625 0.113558528125 0.1807400046875 0.11099279687500001 0.2044322625 0.113558528125 0.23572393906250003 0.12052285 0.25852219375
1 0.36573741875 0.8279361953125 0.3792993484375 0.79664455625 0.39725980625 0.743895678125 0.08404191093749999 0.6612470765625 0.08423537343750001 0.694723059375 0.09266580937499999 0.7251206578125 0.11025961718749999 0.7608825984375 0.121255784375 0.776975475 0.17257133593750001 0.8225719093749999 0.205193371875 0.8525225421875 0.27886763281250004 0.85833385 0.316987690625 0.8498403890624999 0.35254204843750003 0.837323715625 0.36573741875 0.8279361953125
1 0.740484634375 0.8850157484375 0.7665089078125 0.8876978718749999 0.7994974406249999 0.8728897984374999 0.8368844109375001 0.8456213265624999 0.8585102171875001 0.8214820250000001 0.881235671875 0.7946605828125 0.9046941828125 0.7700742546875 0.9160568796874999 0.7472760484375 0.9215549640624999 0.6972093312500001 0.9213960906249999 0.6637004484375 0.6074309437500001 0.7249810859375 0.6154948828125 0.7647662421875 0.6169609359375 0.7973990265625 0.6180606140625 0.8269025828125001 0.6231921390624999 0.8577472859374999 0.6473837078125 0.860876440625 0.6690095140625 0.8662407078125 0.7118945984375 0.881439525 0.740484634375 0.8850157484375