0 0.7897660281250001 0.7748967734375001 0.7666718593749999 0.7748967734375001 0.74217805625 0.7671501953125001 0.7187339734375 0.752804603125 0.7015883078125 0.7218181453125 0.6840927140625 0.7132108578125 0.6620482875 0.70661186875 0.6295065265625001 0.7097679234375 0.6043128828125 0.7264087890625001 0.5826183625 0.7447711453125 0.576669865625 0.773462209375 0.580168984375 0.8007188281250001 0.6036130609375 0.8253932 0.6179594421875 0.8271146421875001 0.6445527078125 0.8397387671875001 0.6693964343750001 0.8431816765625 0.6739452874999999 0.85609268125 0.6732454703124999 0.8873660171875001 0.6777943375000001 0.9008508765625001 0.69899385 0.921221578125 0.7395835984375 0.9309765390625 0.7700258843750001 0.935567121875 0.8099158359375 0.932411103125 0.82111298125 0.9189262578124999 0.847006465625 0.8994163359374999 0.8928448546875 0.8822016406250001 0.9272178203125 0.8743054406249999 0.9683924296875001 0.8672822171875 0.9431988078125 0.7766182640625 0.905058475 0.7651418484375 0.8858133125000001 0.7485009109375 0.859569971875 0.7424758234375 0.8401532703125 0.7450579765625001 0.8212580546874999 0.7573951734375 0.8093610765625 0.769158540625 0.7897660281250001 0.7748967734375001
0 0.5695818390625 0.73444229375 0.55733494375 0.7639941390625 0.556985028125 0.780348125 0.5629335171875 0.8038748109375 0.5653829015625 0.7955544265625 0.5629335171875 0.7800611749999999 0.561883796875 0.7671501953125001 0.570281671875 0.7496485953125 0.5829869359375001 0.721171325 0.5695818390625 0.73444229375
5 0.6791041734375 0.6962830656250001 0.7025482281250001 0.69284013125 0.7063972921875 0.672182525 0.6906512499999999 0.6759123390624999 0.6055515828125 0.6951897015624999 0.6329158234375 0.694561646875 0.660558859375 0.691692565625 0.6791041734375 0.6962830656250001
2 0.7455259859375001 0.611070440625 0.7346787265625 0.63144111875 0.7196325453125 0.64377826875 0.71543359375 0.6658704625 0.7112346578125 0.6750516531249999 0.7188549140625 0.6782622796875 0.7360783921875 0.6767731203125 0.7668706015625 0.6681657359375001 0.77631819375 0.660992940625 0.7850659984374999 0.64463905 0.792414125 0.6271374515625 0.7878652703125 0.6122181015625 0.781916796875 0.6021761765625 0.774918559375 0.5929949875 0.7588226296875 0.5935688406249999 0.7455259859375001 0.611070440625
3 0.7438901265625 0.556662121875 0.7356583734375 0.5731548015625 0.8107232453125001 0.5655563609375001 0.8107232453125001 0.5480547859375 0.8047747703124999 0.5403082078125 0.793577596875 0.5276840593750001 0.77713175 0.5253887859375 0.7564869671875 0.5233803921875 0.75088839375 0.5317008953125 0.7442400734375 0.55006315625 0.7438901265625 0.556662121875
3 0.748089078125 0.4992798515625 0.752987834375 0.515059959375 0.7564869671875 0.5159206921874999 0.763485190625 0.5159206921874999 0.788328925 0.514486153125 0.8093235953125 0.5127647578125 0.81422235 0.497558384375 0.8159719171875001 0.48378664687499995 0.7414195593749999 0.47592054375000004 0.748089078125 0.4992798515625
2 0.7956770359374999 0.41751011250000003 0.7932276796875 0.40144305312500006 0.779581134375 0.387384484375 0.752987834375 0.37734260937499997 0.72744428125 0.37504723906250004 0.7225455109375 0.3850891640625 0.72749669375 0.39482638593749997 0.7354922687500001 0.407181309375 0.7519381140625 0.430421115625 0.7617356390625 0.441323821875 0.7753821828125 0.4559562453125 0.78098075625 0.4559562453125 0.78482980625 0.44849656875 0.78482980625 0.441323821875 0.7907782796875 0.43501171093749996 0.7942774 0.42583056875 0.7956770359374999 0.41751011250000003
5 0.7152478875 0.365503896875 0.69915194375 0.3580441984375 0.6648605859375001 0.3586180046875 0.62667593125 0.34758706875 0.6568126578125 0.366077728125 0.6914538875 0.369807565625 0.7152478875 0.365503896875
4 0.587307825 0.3263293765625 0.5864804125 0.2975058953125 0.5875301546875 0.2725445984375 0.5885798890625 0.25360843437499997 0.597327671875 0.24385348593749998 0.5882299718749999 0.2329508765625 0.580881825 0.25188701562500004 0.5773827109375 0.27340533125 0.5773827109375 0.29463676875 0.587307825 0.3263293765625
0 0.74147780625 0.12052285 0.7124212609375 0.1223555234375 0.688728984375 0.1362839828125 0.68291766875 0.150212440625 0.6793414640625 0.16524057812499998 0.6815765781249999 0.19053170156250002 0.6927521796875 0.1938306140625 0.69945755625 0.2011614015625 0.6972224437500001 0.20739251250000001 0.688728984375 0.2110578921875 0.6516259828125001 0.21655597499999998 0.627486675 0.23048446406249998 0.6087116625 0.2396479578125 0.594406896875 0.2741026375 0.594406896875 0.2909634171875 0.5984301109375 0.30452540781250004 0.6024533265625001 0.319553484375 0.6207813171875001 0.3320158578125 0.6404503609375001 0.33641426406249997 0.6552021578125 0.3441116421875 0.6735301671875 0.34521125937499997 0.7052688921875 0.336780853125 0.72711594375 0.3276173296875 0.737844515625 0.294262328125 0.7677951484375 0.278501134375 0.806686234375 0.269337703125 0.833507684375 0.2854653328125 0.8567529125 0.29719465 0.890279721875 0.29059691875000004 0.9081607015625 0.27483575625 0.93542918125 0.2642060859375 0.9717227015625 0.2585535625 0.9809515187500001 0.1729378328125 0.94206036875 0.1707386609375 0.8916778796875 0.1667066921875 0.855915959375 0.14728015 0.8255183609375001 0.1278536078125 0.8192599953125 0.113558528125 0.7955677375 0.11099279687500001 0.7642760609375 0.113558528125 0.74147780625 0.12052285
1 0.1720638046875 0.36573741875 0.20335544374999998 0.3792993484375 0.256104321875 0.39725980625 0.3387529234375 0.08404191093749999 0.305276940625 0.08423537343750001 0.2748793421875 0.09266580937499999 0.2391174015625 0.11025961718749999 0.22302452499999997 0.121255784375 0.177428090625 0.17257133593750001 0.1474774578125 0.205193371875 0.14166615 0.27886763281250004 0.15015961093750002 0.316987690625 0.16267628437499998 0.35254204843750003 0.1720638046875 0.36573741875
1 0.1149842515625 0.740484634375 0.112302128125 0.7665089078125 0.1271102015625 0.7994974406249999 0.1543786734375 0.8368844109375001 0.178517975 0.8585102171875001 0.20533941718749998 0.881235671875 0.2299257453125 0.9046941828125 0.2527239515625 0.9160568796874999 0.30279066875 0.9215549640624999 0.3362995515625 0.9213960906249999 0.2750189140625 0.6074309437500001 0.23523375781250003 0.6154948828125 0.2026009734375 0.6169609359375 0.1730974171875 0.6180606140625 0.1422527140625 0.6231921390624999 0.139123559375 0.6473837078125 0.1337592921875 0.6690095140625 0.118560475 0.7118945984375 0.1149842515625 0.740484634375