0 0.23485815156249998 0.905058475 0.2514990890625 0.8858133125000001 0.2575241765625 0.859569971875 0.2549420234375 0.8401532703125 0.2426048265625 0.8212580546874999 0.23084145937499997 0.8093610765625 0.2251032265625 0.7897660281250001 0.2251032265625 0.7666718593749999 0.2328498046875 0.74217805625 0.24719539687499997 0.7187339734375 0.2781818546875 0.7015883078125 0.2867891421875 0.6840927140625 0.29338813125 0.6620482875 0.2902320765625 0.6295065265625001 0.2735912109375 0.6043128828125 0.2552288546875 0.5826183625 0.22653779062499999 0.576669865625 0.199281171875 0.580168984375 0.1746068 0.6036130609375 0.1728853578125 0.6179594421875 0.1602612328125 0.6445527078125 0.1568183234375 0.6693964343750001 0.14390731875 0.6739452874999999 0.1126339828125 0.6732454703124999 0.0991491234375 0.6777943375000001 0.078778421875 0.69899385 0.0690234609375 0.7395835984375 0.06443287812500001 0.7700258843750001 0.067588896875 0.8099158359375 0.08107374218749999 0.82111298125 0.1005836640625 0.847006465625 0.11779835937500001 0.8928448546875 0.12569455937500001 0.9272178203125 0.1327177828125 0.9683924296875001 0.22338173593750002 0.9431988078125 0.23485815156249998 0.905058475
0 0.1961251890625 0.5629335171875 0.2044455734375 0.5653829015625 0.219938825 0.5629335171875 0.2328498046875 0.561883796875 0.2503514046875 0.570281671875 0.278828675 0.5829869359375001 0.26555770624999997 0.5695818390625 0.23600586093749998 0.55733494375 0.219651875 0.556985028125 0.1961251890625 0.5629335171875
5 0.30715986875 0.7025482281250001 0.32781747499999997 0.7063972921875 0.32408766093749997 0.6906512499999999 0.30481029843749996 0.6055515828125 0.305438353125 0.6329158234375 0.30830743437499997 0.660558859375 0.303716934375 0.6791041734375 0.30715986875 0.7025482281250001
2 0.35536095 0.7850659984374999 0.3728625484375 0.792414125 0.3877818984375 0.7878652703125 0.3978238234375 0.781916796875 0.4070050125 0.774918559375 0.406431159375 0.7588226296875 0.388929559375 0.7455259859375001 0.36855888124999997 0.7346787265625 0.35622173125 0.7196325453125 0.3341295375 0.71543359375 0.32494834687499996 0.7112346578125 0.3217377203125 0.7188549140625 0.3232268796875 0.7360783921875 0.3318342640625 0.7668706015625 0.339007059375 0.77631819375 0.35536095 0.7850659984374999
3 0.4596917921875 0.8047747703124999 0.472315940625 0.793577596875 0.47461121406249995 0.77713175 0.47661960781249996 0.7564869671875 0.4682991046875 0.75088839375 0.44993684375000004 0.7442400734375 0.44333787812500003 0.7438901265625 0.4268451984375 0.7356583734375 0.4344436390625 0.8107232453125001 0.4519452140625 0.8107232453125001 0.4596917921875 0.8047747703124999
3 0.4840793078125 0.763485190625 0.485513846875 0.788328925 0.48723524218750003 0.8093235953125 0.502441615625 0.81422235 0.516213353125 0.8159719171875001 0.52407945625 0.7414195593749999 0.5007201484375 0.748089078125 0.484940040625 0.752987834375 0.4840793078125 0.7564869671875 0.4840793078125 0.763485190625
2 0.5440437546875 0.7753821828125 0.5440437546875 0.78098075625 0.55150343125 0.78482980625 0.558676178125 0.78482980625 0.5649882890625 0.7907782796875 0.57416943125 0.7942774 0.5824898875 0.7956770359374999 0.5985569468749999 0.7932276796875 0.612615515625 0.779581134375 0.6226573906249999 0.752987834375 0.6249527609375 0.72744428125 0.6149108359375 0.7225455109375 0.6051736140624999 0.72749669375 0.5928186906249999 0.7354922687500001 0.569578884375 0.7519381140625 0.558676178125 0.7617356390625 0.5440437546875 0.7753821828125
5 0.634496103125 0.7152478875 0.6419558015625 0.69915194375 0.6413819953125001 0.6648605859375001 0.65241293125 0.62667593125 0.633922271875 0.6568126578125 0.6301924343749999 0.6914538875 0.634496103125 0.7152478875
4 0.746391565625 0.5885798890625 0.7561465140625 0.597327671875 0.7670491234375 0.5882299718749999 0.748112984375 0.580881825 0.72659466875 0.5773827109375 0.70536323125 0.5773827109375 0.6736706234375001 0.587307825 0.7024941046875 0.5864804125 0.7274554015625 0.5875301546875 0.746391565625 0.5885798890625
0 0.8332933078125 0.8916778796875 0.8527198500000001 0.855915959375 0.8721463921874999 0.8255183609375001 0.886441471875 0.8192599953125 0.889007203125 0.7955677375 0.886441471875 0.7642760609375 0.8794771499999999 0.74147780625 0.8776444765625 0.7124212609375 0.8637160171874999 0.688728984375 0.8497875593750001 0.68291766875 0.8347594218750001 0.6793414640625 0.8094682984375 0.6815765781249999 0.8061693859375 0.6927521796875 0.7988385984375 0.69945755625 0.7926074875 0.6972224437500001 0.7889421078125001 0.688728984375 0.783444025 0.6516259828125001 0.7695155359375 0.627486675 0.7603520421875001 0.6087116625 0.7258973625 0.594406896875 0.7090365828125 0.594406896875 0.6954745921875001 0.5984301109375 0.680446515625 0.6024533265625001 0.6679841421875 0.6207813171875001 0.6635857359374999 0.6404503609375001 0.6558883578125 0.6552021578125 0.654788740625 0.6735301671875 0.663219146875 0.7052688921875 0.6723826703125 0.72711594375 0.7057376718749999 0.737844515625 0.721498865625 0.7677951484375 0.7306622968750001 0.806686234375 0.7145346671875 0.833507684375 0.70280535 0.8567529125 0.70940308125 0.890279721875 0.72516424375 0.9081607015625 0.7357939140624999 0.93542918125 0.7414464374999999 0.9717227015625 0.8270621671875 0.9809515187500001 0.8292613390625 0.94206036875 0.8332933078125 0.8916778796875
1 0.878744215625 0.22302452499999997 0.8274286640625 0.177428090625 0.794806628125 0.1474774578125 0.7211323671875001 0.14166615 0.683012309375 0.15015961093750002 0.6474579515625 0.16267628437499998 0.63426258125 0.1720638046875 0.6207006515625 0.20335544374999998 0.60274019375 0.256104321875 0.9159580890625 0.3387529234375 0.9157646265625001 0.305276940625 0.9073341906250001 0.2748793421875 0.8897403828125 0.2391174015625 0.878744215625 0.22302452499999997
1 0.3830390640625 0.2026009734375 0.3819393859375 0.1730974171875 0.37680786093749996 0.1422527140625 0.3526162921875 0.139123559375 0.3309904859375 0.1337592921875 0.28810540156250003 0.118560475 0.259515365625 0.1149842515625 0.23349109218750003 0.112302128125 0.200502559375 0.1271102015625 0.1631155890625 0.1543786734375 0.1414897828125 0.178517975 0.118764328125 0.20533941718749998 0.0953058171875 0.2299257453125 0.0839431203125 0.2527239515625 0.07844503593749999 0.30279066875 0.078603909375 0.3362995515625 0.39256905625 0.2750189140625 0.38450511718749997 0.23523375781250003 0.3830390640625 0.2026009734375