0 0.25999875625 0.3272492828125 0.2773377796875 0.347428459375 0.2678292703125 0.3721939671875 0.2689479328125 0.396042071875 0.274541171875 0.4093420765625 0.2935581640625 0.42768686562499997 0.322083665625 0.4414453625 0.3657108671875 0.43731794375 0.3981516484375 0.42585244062500005 0.4110160609375 0.41071801093750004 0.41996522656249996 0.3932904328125 0.41940591875 0.363938746875 0.40654147187499995 0.3405491734375 0.40094825624999997 0.330918209375 0.384727859375 0.32495617499999996 0.3685074859375 0.30064935 0.3919990671875 0.3125733828125 0.42220252656249996 0.30569409531249997 0.42555847656249995 0.2827632046875 0.41716861875 0.2524943046875 0.4031855328125 0.23231501406250002 0.3802532828125 0.21075994062499998 0.3327108125 0.19103933281250002 0.2997107109375 0.192415190625 0.261676725 0.2038806546875 0.21301559218750002 0.20296340468750002 0.1701799203125 0.20280682031250002 0.1061848671875 0.1928737578125 0.115693328125 0.27175626875000003 0.14981211562500002 0.2891838078125 0.17386296875 0.31945266875 0.1839307609375 0.330459603125 0.2146935625 0.338714746875 0.22979530937499998 0.330918209375 0.24489700937499997 0.3208285265625 0.25999875625 0.3272492828125
4 0.42276185625 0.345594034375 0.428355084375 0.377238790625 0.434941165625 0.42241697812499995 0.4361856109375 0.4015455765625 0.4361856109375 0.36531468125 0.42443982656249996 0.3368802078125 0.42276185625 0.345594034375
5 0.3774566640625 0.45795572656249994 0.41422072187500003 0.4381483640625 0.3008293734375 0.45428672187499997 0.30474461875 0.45703851406249996 0.3237616109375 0.46575230312500004 0.3774566640625 0.45795572656249994
2 0.24590379062499998 0.5242448703125 0.259974159375 0.5177144671875 0.27053851562500003 0.501606153125 0.28381246718750003 0.475919928125 0.284874375 0.464600534375 0.2670873015625 0.451539746875 0.24697977343750002 0.4552636703125 0.22493098281249999 0.4553250125 0.21378088750000002 0.45989633124999996 0.1938699859375 0.46577365625 0.17289719374999998 0.4777461109375 0.169445959375 0.48775940625 0.1736936078125 0.51344563125 0.18325084375 0.528816225 0.1991795515625 0.5351288984375 0.2278512421875 0.53338750625 0.24590379062499998 0.5242448703125
3 0.28386602031249997 0.5906934046875 0.28253862500000004 0.5739319953125 0.284861975 0.5514358421875001 0.1543124765625 0.5571706421875 0.1686483015625 0.5776325640625 0.1829841609375 0.5957000531250001 0.202895046875 0.5985298875 0.22466429531249998 0.5965707296875 0.245637109375 0.594393971875 0.258380075 0.594176225 0.272715925 0.59744148125 0.28386602031249997 0.5906934046875
3 0.1779400671875 0.6355354703125 0.15749818437500002 0.6577388390625 0.299432053125 0.6467120000000001 0.2923613328125 0.6296581453125001 0.29103393906249997 0.6087608578125 0.2772290546875 0.6050603078125001 0.258645546875 0.6037541921875 0.24430972031249998 0.6037541921875 0.22599167343749998 0.6037541921875 0.2132487171875 0.608543128125 0.1975854703125 0.60897855 0.18324964375 0.6187741531250001 0.1779400671875 0.6355354703125
2 0.2915328546875 0.73262335 0.3090544328125 0.734582434375 0.3074615625 0.7195625453125001 0.304167328125 0.711225009375 0.28808161875 0.692352528125 0.2665778515625 0.677985625 0.2410919078125 0.666883940625 0.21560596406250002 0.666883940625 0.19994276093750002 0.6738496734375 0.192509359375 0.691481796875 0.19781891406250002 0.7123791015625 0.228083459375 0.726310584375 0.2570206390625 0.7330586984374999 0.2915328546875 0.73262335
5 0.4282210625 0.7491670484374999 0.41361973125 0.7358885515625 0.3844170984375 0.7258752546875 0.3690193328125 0.7258752546875 0.3347725875 0.731752653125 0.3241534453125 0.7389360968750001 0.36928481562500004 0.7395891 0.4114959140625 0.7456841546875 0.4282210625 0.7491670484374999
0 0.3766557296875 0.9663177781250001 0.3984249796875 0.9549983640624999 0.42019421718750005 0.9412845203125 0.43532649531249995 0.9173396859375 0.440370590625 0.899925328125 0.435857465625 0.8803340484375 0.424972840625 0.8511649296874999 0.436919378125 0.8365803703125 0.44302539531249996 0.8213427328125 0.444352778125 0.8052344203124999 0.439043196875 0.7847724796875 0.4289550125 0.7664873531249999 0.41408822812499996 0.7558209984375 0.3768227796875 0.74493700625 0.35744284375 0.746678453125 0.338859340625 0.7534265296875 0.31815199843749997 0.7593039109374999 0.30779835 0.7721470234375001 0.2993030421875 0.783901746875 0.2963827609375 0.809370353125 0.305939996875 0.826131725 0.3028164375 0.8324444171875 0.2860912859375 0.8409339765625001 0.270162578125 0.84398146875 0.267773265625 0.8359273296874999 0.2547648109375 0.82634938125 0.22463547031250003 0.8237372390625 0.2073793625 0.8287438859374999 0.1882649125 0.8583483718749999 0.16968139843750002 0.8740213734375001 0.138354925 0.8809871250000001 0.11313445156249999 0.8859937546875001 0.08452340781249999 0.8907264843749999 0.12202608125 0.9593519546874999 0.1618478734375 0.9556514046875 0.209988 0.9521685484375 0.23945611093750002 0.953474628125 0.2604289125 0.953474628125 0.285383903125 0.95848129375 0.327276725 0.9715420625 0.352231715625 0.9687122468749999 0.3766557296875 0.9663177781250001
4 0.44961658125000004 0.7906498234375 0.44961658125000004 0.8095880265625001 0.4520058765625 0.8335328234375 0.4466963 0.86117820625 0.4631559828125 0.8335328234375 0.45784640625 0.7928266374999999 0.45147492343750006 0.7704055953125 0.4419176875 0.764310540625 0.44961658125000004 0.7906498234375
1 0.8452592031249999 0.720899340625 0.8109777921875001 0.7012229578125 0.7766963625 0.688373 0.7357202015625 0.9841892031249999 0.7515796 0.9847243109375 0.7927173078124999 0.97789775 0.8039812078124999 0.971874353125 0.8274884890624999 0.9562135234375001 0.8598109890625001 0.9264979875 0.8824790609375001 0.86385473125 0.888355896875 0.8080379000000001 0.8795406531250001 0.76988964375 0.866807559375 0.7417805046875 0.8452592031249999 0.720899340625
1 0.8199472296874999 0.21671709374999998 0.7949707640625 0.20025313281249998 0.77146348125 0.191017246875 0.7464713125 0.18198223593750001 0.797909171875 0.450424946875 0.82239590625 0.43837822187500003 0.8429647906250001 0.4203079984375 0.8552081421875 0.3986237703125 0.8684309984375 0.337586640625 0.865982321875 0.3046586828125 0.8547184015625 0.2801635484375 0.8380674062500001 0.2436215875 0.8199472296874999 0.21671709374999998