0 0.6727507171875 0.25999875625 0.652571540625 0.2773377796875 0.6278060328125 0.2678292703125 0.603957928125 0.2689479328125 0.5906579234375 0.274541171875 0.5723131343750001 0.2935581640625 0.5585546375 0.322083665625 0.56268205625 0.3657108671875 0.574147559375 0.3981516484375 0.5892819890625 0.4110160609375 0.6067095671875 0.41996522656249996 0.6360612531250001 0.41940591875 0.6594508265625 0.40654147187499995 0.6690817906250001 0.40094825624999997 0.675043825 0.384727859375 0.69935065 0.3685074859375 0.6874266171875 0.3919990671875 0.6943059046875 0.42220252656249996 0.7172367953125 0.42555847656249995 0.7475056953125 0.41716861875 0.7676849859375 0.4031855328125 0.789240059375 0.3802532828125 0.8089606671875 0.3327108125 0.807584809375 0.2997107109375 0.7961193453125001 0.261676725 0.7970365953125 0.21301559218750002 0.7971931796875 0.1701799203125 0.8071262421875 0.1061848671875 0.72824373125 0.115693328125 0.7108161921875 0.14981211562500002 0.68054733125 0.17386296875 0.669540396875 0.1839307609375 0.661285253125 0.2146935625 0.6690817906250001 0.22979530937499998 0.6791714734375 0.24489700937499997 0.6727507171875 0.25999875625
4 0.654405965625 0.42276185625 0.622761209375 0.428355084375 0.577583021875 0.434941165625 0.5984544234375 0.4361856109375 0.63468531875 0.4361856109375 0.6631197921875 0.42443982656249996 0.654405965625 0.42276185625
5 0.5420442734375001 0.3774566640625 0.5618516359375 0.41422072187500003 0.545713278125 0.3008293734375 0.5429614859375 0.30474461875 0.534247696875 0.3237616109375 0.5420442734375001 0.3774566640625
2 0.47575512968749994 0.24590379062499998 0.4822855328125 0.259974159375 0.498393846875 0.27053851562500003 0.524080071875 0.28381246718750003 0.5353994656250001 0.284874375 0.548460253125 0.2670873015625 0.5447363296875001 0.24697977343750002 0.5446749875 0.22493098281249999 0.54010366875 0.21378088750000002 0.53422634375 0.1938699859375 0.5222538890624999 0.17289719374999998 0.51224059375 0.169445959375 0.48655436874999997 0.1736936078125 0.47118377499999997 0.18325084375 0.46487110156250006 0.1991795515625 0.46661249375 0.2278512421875 0.47575512968749994 0.24590379062499998
3 0.4093065953125 0.28386602031249997 0.42606800468749995 0.28253862500000004 0.4485641578125 0.284861975 0.44282935781250005 0.1543124765625 0.4223674359375 0.1686483015625 0.404299946875 0.1829841609375 0.40147011250000003 0.202895046875 0.4034292703125 0.22466429531249998 0.40560602812499996 0.245637109375 0.405823775 0.258380075 0.40255851875 0.272715925 0.4093065953125 0.28386602031249997
3 0.3644645296875 0.1779400671875 0.34226116093750003 0.15749818437500002 0.353288 0.299432053125 0.3703418546875 0.2923613328125 0.3912391421875 0.29103393906249997 0.3949396921875 0.2772290546875 0.3962458078125 0.258645546875 0.3962458078125 0.24430972031249998 0.3962458078125 0.22599167343749998 0.391456871875 0.2132487171875 0.39102145 0.1975854703125 0.381225846875 0.18324964375 0.3644645296875 0.1779400671875
2 0.26737665 0.2915328546875 0.265417565625 0.3090544328125 0.28043745468750003 0.3074615625 0.288774990625 0.304167328125 0.307647471875 0.28808161875 0.322014375 0.2665778515625 0.333116059375 0.2410919078125 0.333116059375 0.21560596406250002 0.3261503265625 0.19994276093750002 0.308518203125 0.192509359375 0.2876208984375 0.19781891406250002 0.273689415625 0.228083459375 0.2669413015625 0.2570206390625 0.26737665 0.2915328546875
5 0.25083295156249996 0.4282210625 0.2641114484375 0.41361973125 0.27412474531250003 0.3844170984375 0.27412474531250003 0.3690193328125 0.268247346875 0.3347725875 0.261063903125 0.3241534453125 0.2604109 0.36928481562500004 0.2543158453125 0.4114959140625 0.25083295156249996 0.4282210625
0 0.033682221875 0.3766557296875 0.0450016359375 0.3984249796875 0.0587154796875 0.42019421718750005 0.08266031406249999 0.43532649531249995 0.100074671875 0.440370590625 0.1196659515625 0.435857465625 0.1488350703125 0.424972840625 0.16341962968749998 0.436919378125 0.1786572671875 0.44302539531249996 0.1947655796875 0.444352778125 0.21522752031249998 0.439043196875 0.233512646875 0.4289550125 0.2441790015625 0.41408822812499996 0.25506299375 0.3768227796875 0.25332154687499997 0.35744284375 0.2465734703125 0.338859340625 0.2406960890625 0.31815199843749997 0.2278529765625 0.30779835 0.21609825312500003 0.2993030421875 0.190629646875 0.2963827609375 0.173868275 0.305939996875 0.1675555828125 0.3028164375 0.1590660234375 0.2860912859375 0.15601853125 0.270162578125 0.1640726703125 0.267773265625 0.17365061875 0.2547648109375 0.17626276093749998 0.22463547031250003 0.17125611406250002 0.2073793625 0.141651628125 0.1882649125 0.1259786265625 0.16968139843750002 0.11901287499999999 0.138354925 0.1140062453125 0.11313445156249999 0.10927351562500001 0.08452340781249999 0.0406480453125 0.12202608125 0.0443485953125 0.1618478734375 0.0478314515625 0.209988 0.046525371875 0.23945611093750002 0.046525371875 0.2604289125 0.041518706249999995 0.285383903125 0.028457937500000002 0.327276725 0.031287753125 0.352231715625 0.033682221875 0.3766557296875
4 0.20935017656250002 0.44961658125000004 0.1904119734375 0.44961658125000004 0.1664671765625 0.4520058765625 0.13882179375 0.4466963 0.1664671765625 0.4631559828125 0.20717336249999999 0.45784640625 0.22959440468749998 0.45147492343750006 0.235689459375 0.4419176875 0.20935017656250002 0.44961658125000004
1 0.279100659375 0.8452592031249999 0.2987770421875 0.8109777921875001 0.311627 0.7766963625 0.015810796874999998 0.7357202015625 0.0152756890625 0.7515796 0.02210225 0.7927173078124999 0.028125646875 0.8039812078124999 0.043786476562499996 0.8274884890624999 0.0735020125 0.8598109890625001 0.13614526875 0.8824790609375001 0.1919621 0.888355896875 0.23011035624999998 0.8795406531250001 0.2582194953125 0.866807559375 0.279100659375 0.8452592031249999
1 0.78328290625 0.8199472296874999 0.7997468671875 0.7949707640625 0.808982753125 0.77146348125 0.8180177640625 0.7464713125 0.549575053125 0.797909171875 0.5616217781249999 0.82239590625 0.5796920015625 0.8429647906250001 0.6013762296875 0.8552081421875 0.662413359375 0.8684309984375 0.6953413171875 0.865982321875 0.7198364515625 0.8547184015625 0.7563784124999999 0.8380674062500001 0.78328290625 0.8199472296874999