0 0.2891838078125 0.8501878843749999 0.31945266875 0.82613703125 0.330459603125 0.8160692390625 0.338714746875 0.7853064375 0.330918209375 0.770204690625 0.3208285265625 0.755102990625 0.3272492828125 0.74000124375 0.347428459375 0.7226622203125 0.3721939671875 0.7321707296875 0.396042071875 0.7310520671875 0.4093420765625 0.7254588281250001 0.42768686562499997 0.7064418359375 0.4414453625 0.677916334375 0.43731794375 0.6342891328125 0.42585244062500005 0.6018483515625 0.41071801093750004 0.5889839390625 0.3932904328125 0.5800347734375 0.363938746875 0.58059408125 0.3405491734375 0.593458528125 0.330918209375 0.59905174375 0.32495617499999996 0.615272140625 0.30064935 0.6314925140625001 0.3125733828125 0.6080009328125 0.30569409531249997 0.5777974734375 0.2827632046875 0.5744415234375 0.2524943046875 0.58283138125 0.23231501406250002 0.5968144671875 0.21075994062499998 0.6197467171875 0.19103933281250002 0.6672891875 0.192415190625 0.7002892890625 0.2038806546875 0.7383232750000001 0.20296340468750002 0.7869844078125 0.20280682031250002 0.8298200796874999 0.1928737578125 0.8938151328125 0.27175626875000003 0.884306671875 0.2891838078125 0.8501878843749999
4 0.345594034375 0.57723814375 0.377238790625 0.5716449156250001 0.42241697812499995 0.565058834375 0.4015455765625 0.5638143890625 0.36531468125 0.5638143890625 0.3368802078125 0.5755601734375 0.345594034375 0.57723814375
5 0.46575230312500004 0.6762383890625 0.45795572656249994 0.6225433359375 0.4381483640625 0.585779278125 0.45428672187499997 0.6991706265625 0.45703851406249996 0.69525538125 0.46575230312500004 0.6762383890625
2 0.4777461109375 0.8271028062499999 0.48775940625 0.8305540406249999 0.51344563125 0.8263063921875 0.528816225 0.81674915625 0.5351288984375 0.8008204484375 0.53338750625 0.7721487578125 0.5242448703125 0.754096209375 0.5177144671875 0.740025840625 0.501606153125 0.729461484375 0.475919928125 0.7161875328125 0.464600534375 0.715125625 0.451539746875 0.7329126984375 0.4552636703125 0.7530202265625 0.4553250125 0.7750690171875 0.45989633124999996 0.7862191125 0.46577365625 0.8061300140625001 0.4777461109375 0.8271028062499999
3 0.5957000531250001 0.8170158390625 0.5985298875 0.7971049531250001 0.5965707296875 0.7753357046875 0.594393971875 0.7543628906250001 0.594176225 0.741619925 0.59744148125 0.727284075 0.5906934046875 0.7161339796874999 0.5739319953125 0.717461375 0.5514358421875001 0.715138025 0.5571706421875 0.8456875234375 0.5776325640625 0.8313516984374999 0.5957000531250001 0.8170158390625
3 0.6037541921875 0.741354453125 0.6037541921875 0.7556902796875 0.6037541921875 0.7740083265625 0.608543128125 0.7867512828125001 0.60897855 0.8024145296875 0.6187741531250001 0.81675035625 0.6355354703125 0.8220599328124999 0.6577388390625 0.8425018156249999 0.6467120000000001 0.700567946875 0.6296581453125001 0.7076386671875 0.6087608578125 0.7089660609374999 0.6050603078125001 0.7227709453125 0.6037541921875 0.741354453125
2 0.666883940625 0.7843940359375 0.6738496734375 0.8000572390625 0.691481796875 0.807490640625 0.7123791015625 0.8021810859375 0.726310584375 0.771916540625 0.7330586984374999 0.7429793609375 0.73262335 0.7084671453125 0.734582434375 0.6909455671875 0.7195625453125001 0.6925384375 0.711225009375 0.6958326718750001 0.692352528125 0.7119183812500001 0.677985625 0.7334221484375 0.666883940625 0.7589080921875 0.666883940625 0.7843940359375
5 0.7258752546875 0.6155829015625 0.7258752546875 0.6309806671875 0.731752653125 0.6652274125 0.7389360968750001 0.6758465546875 0.7395891 0.630715184375 0.7456841546875 0.5885040859374999 0.7491670484374999 0.5717789375 0.7358885515625 0.5863802687499999 0.7258752546875 0.6155829015625
0 0.9521685484375 0.790012 0.953474628125 0.7605438890625 0.953474628125 0.7395710875 0.95848129375 0.714616096875 0.9715420625 0.672723275 0.9687122468749999 0.647768284375 0.9663177781250001 0.6233442703125001 0.9549983640624999 0.6015750203125 0.9412845203125 0.5798057828125 0.9173396859375 0.5646735046875 0.899925328125 0.559629409375 0.8803340484375 0.564142534375 0.8511649296874999 0.575027159375 0.8365803703125 0.563080621875 0.8213427328125 0.5569746046875 0.8052344203124999 0.5556472218749999 0.7847724796875 0.5609568031250001 0.7664873531249999 0.5710449875 0.7558209984375 0.585911771875 0.74493700625 0.6231772203125 0.746678453125 0.64255715625 0.7534265296875 0.661140659375 0.7593039109374999 0.6818480015625 0.7721470234375001 0.69220165 0.783901746875 0.7006969578125 0.809370353125 0.7036172390625001 0.826131725 0.6940600031249999 0.8324444171875 0.6971835625 0.8409339765625001 0.7139087140625 0.84398146875 0.729837421875 0.8359273296874999 0.732226734375 0.82634938125 0.7452351890625 0.8237372390625 0.7753645296875 0.8287438859374999 0.7926206375 0.8583483718749999 0.8117350875 0.8740213734375001 0.8303186015625 0.8809871250000001 0.861645075 0.8859937546875001 0.8868655484374999 0.8907264843749999 0.9154765921875001 0.9593519546874999 0.8779739187500001 0.9556514046875 0.8381521265625 0.9521685484375 0.790012
4 0.8335328234375 0.5479941234375 0.86117820625 0.5533037000000001 0.8335328234375 0.5368440171875 0.7928266374999999 0.5421535937499999 0.7704055953125 0.5485250765624999 0.764310540625 0.5580823125000001 0.7906498234375 0.55038341875 0.8095880265625001 0.55038341875 0.8335328234375 0.5479941234375
1 0.9562135234375001 0.1725115109375 0.9264979875 0.1401890109375 0.86385473125 0.11752093906250001 0.8080379000000001 0.11164410312499999 0.76988964375 0.120459346875 0.7417805046875 0.133192440625 0.720899340625 0.154740796875 0.7012229578125 0.1890222078125 0.688373 0.2233036375 0.9841892031249999 0.2642797984375 0.9847243109375 0.2484204 0.97789775 0.2072826921875 0.971874353125 0.1960187921875 0.9562135234375001 0.1725115109375
1 0.4203079984375 0.15703520937499998 0.3986237703125 0.14479185781249998 0.337586640625 0.1315690015625 0.3046586828125 0.134017678125 0.2801635484375 0.1452815984375 0.2436215875 0.16193259375 0.21671709374999998 0.1800527703125 0.20025313281249998 0.20502923593750003 0.191017246875 0.22853651875 0.18198223593750001 0.2535286875 0.450424946875 0.202090828125 0.43837822187500003 0.17760409375 0.4203079984375 0.15703520937499998